0
0
1
9.983342e-02
0
9.950042e-01
1.986693e-01
0
9.800666e-01
2.955202e-01
0
9.553365e-01
3.894183e-01
0
9.210610e-01
4.794255e-01
0
8.775826e-01
5.646425e-01
0
8.253356e-01
6.442177e-01
0
7.648422e-01
7.173561e-01
0
6.967067e-01
7.833269e-01
0
6.216100e-01
8.414710e-01
0
5.403023e-01
8.912074e-01
0
4.535961e-01
9.320391e-01
0
3.623578e-01
9.635582e-01
0
2.674988e-01
9.854497e-01
0
1.699671e-01
9.974950e-01
0
7.073720e-02
9.995736e-01
0
-2.919952e-02
9.916648e-01
0
-1.288445e-01
9.738476e-01
0
-2.272021e-01
9.463001e-01
0
-3.232896e-01
9.092974e-01
0
-4.161468e-01
8.632094e-01
0
-5.048461e-01
8.084964e-01
0
-5.885011e-01
7.457052e-01
0
-6.662760e-01
6.754632e-01
0
-7.373937e-01
5.984721e-01
0
-8.011436e-01
5.155014e-01
0
-8.568888e-01
4.273799e-01
0
-9.040721e-01
3.349882e-01
0
-9.422223e-01
2.392493e-01
0
-9.709582e-01
1.411200e-01
0
-9.899925e-01
4.158066e-02
0
-9.991352e-01
9.933467e-02
9.966711e-03
9.950042e-01
1.976768e-01
1.983384e-02
9.800666e-01
2.940438e-01
2.950279e-02
9.553365e-01
3.874729e-01
3.887696e-02
9.210610e-01
4.770304e-01
4.786269e-02
8.775826e-01
5.618216e-01
5.637019e-02
8.253356e-01
6.409993e-01
6.431445e-02
7.648422e-01
7.137723e-01
7.161611e-02
6.967067e-01
7.794135e-01
7.820220e-02
6.216100e-01
8.372671e-01
8.400692e-02
5.403023e-01
8.867550e-01
8.897228e-02
4.535961e-01
9.273828e-01
9.304865e-02
3.623578e-01
9.587444e-01
9.619531e-02
2.674988e-01
9.805266e-01
9.838081e-02
1.699671e-01
9.925117e-01
9.958333e-02
7.073720e-02
9.945799e-01
9.979085e-02
-2.919952e-02
9.867106e-01
9.900129e-02
-1.288445e-01
9.689824e-01
9.722254e-02
-2.272021e-01
9.415725e-01
9.447237e-02
-3.232896e-01
9.047547e-01
9.077827e-02
-4.161468e-01
8.588969e-01
8.617714e-02
-5.048461e-01
8.044573e-01
8.071496e-02
-5.885011e-01
7.419798e-01
7.444630e-02
-6.662760e-01
6.720887e-01
6.743380e-02
-7.373937e-01
5.954823e-01
5.974752e-02
-8.011436e-01
5.129260e-01
5.146426e-02
-8.568888e-01
4.252448e-01
4.266679e-02
-9.040721e-01
3.333146e-01
3.344301e-02
-9.422223e-01
2.380541e-01
2.388508e-02
-9.709582e-01
1.404150e-01
1.408849e-02
-9.899925e-01
4.137293e-02
4.151140e-03
-9.991352e-01
9.784340e-02
1.983384e-02
9.950042e-01
1.947092e-01
3.946950e-02
9.800666e-01
2.896295e-01
5.871080e-02
9.553365e-01
3.816559e-01
7.736548e-02
9.210610e-01
4.698689e-01
9.524715e-02
8.775826e-01
5.533872e-01
1.121771e-01
8.253356e-01
6.313762e-01
1.279863e-01
7.648422e-01
7.030567e-01
1.425167e-01
6.967067e-01
7.677125e-01
1.556230e-01
6.216100e-01
8.246976e-01
1.671745e-01
5.403023e-01
8.734425e-01
1.770556e-01
4.535961e-01
9.134604e-01
1.851676e-01
3.623578e-01
9.443512e-01
1.914295e-01
2.674988e-01
9.658063e-01
1.957786e-01
1.699671e-01
9.776115e-01
1.981717e-01
7.073720e-02
9.796487e-01
1.985846e-01
-2.919952e-02
9.718975e-01
1.970134e-01
-1.288445e-01
9.544355e-01
1.934737e-01
-2.272021e-01
9.274371e-01
1.880008e-01
-3.232896e-01
8.911720e-01
1.806495e-01
-4.161468e-01
8.460026e-01
1.714932e-01
-5.048461e-01
7.923803e-01
1.606234e-01
-5.885011e-01
7.308408e-01
1.481488e-01
-6.662760e-01
6.619989e-01
1.341938e-01
-7.373937e-01
5.865425e-01
1.188981e-01
-8.011436e-01
5.052257e-01
1.024143e-01
-8.568888e-01
4.188607e-01
8.490727e-02
-9.040721e-01
3.283107e-01
6.655187e-02
-9.422223e-01
2.344803e-01
4.753150e-02
-9.709582e-01
1.383070e-01
2.803622e-02
-9.899925e-01
4.075182e-02
8.260802e-03
-9.991352e-01
9.537451e-02
2.950279e-02
9.950042e-01
1.897961e-01
5.871080e-02
9.800666e-01
2.823212e-01
8.733219e-02
9.553365e-01
3.720256e-01
1.150810e-01
9.210610e-01
4.580127e-01
1.416799e-01
8.775826e-01
5.394236e-01
1.668633e-01
8.253356e-01
6.154447e-01
1.903793e-01
7.648422e-01
6.853164e-01
2.119932e-01
6.967067e-01
7.483408e-01
2.314889e-01
6.216100e-01
8.038879e-01
2.486717e-01
5.403023e-01
8.514029e-01
2.633698e-01
4.535961e-01
8.904109e-01
2.754364e-01
3.623578e-01
9.205223e-01
2.847509e-01
2.674988e-01
9.414361e-01
2.912203e-01
1.699671e-01
9.529434e-01
2.947799e-01
7.073720e-02
9.549291e-01
2.953942e-01
-2.919952e-02
9.473736e-01
2.930570e-01
-1.288445e-01
9.303522e-01
2.877917e-01
-2.272021e-01
9.040350e-01
2.796508e-01
-3.232896e-01
8.686850e-01
2.687158e-01
-4.161468e-01
8.246554e-01
2.550958e-01
-5.048461e-01
7.723861e-01
2.389270e-01
-5.885011e-01
7.123994e-01
2.203710e-01
-6.662760e-01
6.452946e-01
1.996130e-01
-7.373937e-01
5.717423e-01
1.768606e-01
-8.011436e-01
4.924773e-01
1.523411e-01
-8.568888e-01
4.082916e-01
1.262994e-01
-9.040721e-01
3.200264e-01
9.899577e-02
-9.422223e-01
2.285636e-01
7.070301e-02
-9.709582e-01
1.348171e-01
4.170381e-02
-9.899925e-01
3.972352e-02
1.228793e-02
-9.991352e-01
9.195267e-02
3.887696e-02
9.950042e-01
1.829866e-01
7.736548e-02
9.800666e-01
2.721921e-01
1.150810e-01
9.553365e-01
3.586780e-01
1.516466e-01
9.210610e-01
4.415802e-01
1.866971e-01
8.775826e-01
5.200702e-01
2.198821e-01
8.253356e-01
5.933638e-01
2.508702e-01
7.648422e-01
6.607287e-01
2.793516e-01
6.967067e-01
7.214919e-01
3.050419e-01
6.216100e-01
7.750461e-01
3.276842e-01
5.403023e-01
8.208563e-01
3.470525e-01
4.535961e-01
8.584648e-01
3.629531e-01
3.623578e-01
8.874959e-01
3.752272e-01
2.674988e-01
9.076593e-01
3.837522e-01
1.699671e-01
9.187537e-01
3.884428e-01
7.073720e-02
9.206683e-01
3.892523e-01
-2.919952e-02
9.133838e-01
3.861725e-01
-1.288445e-01
8.969731e-01
3.792341e-01
-2.272021e-01
8.716001e-01
3.685066e-01
-3.232896e-01
8.375184e-01
3.540971e-01
-4.161468e-01
7.950685e-01
3.361496e-01
-5.048461e-01
7.446745e-01
3.148433e-01
-5.885011e-01
6.868400e-01
2.903913e-01
-6.662760e-01
6.221428e-01
2.630378e-01
-7.373937e-01
5.512293e-01
2.330560e-01
-8.011436e-01
4.748082e-01
2.007457e-01
-8.568888e-01
3.936429e-01
1.664296e-01
-9.040721e-01
3.085445e-01
1.304505e-01
-9.422223e-01
2.203632e-01
9.316808e-02
-9.709582e-01
1.299801e-01
5.495472e-02
-9.899925e-01
3.829833e-02
1.619227e-02
-9.991352e-01
8.761207e-02
4.786269e-02
9.950042e-01
1.743487e-01
9.524715e-02
9.800666e-01
2.593434e-01
1.416799e-01
9.553365e-01
3.417467e-01
1.866971e-01
9.210610e-01
4.207355e-01
2.298488e-01
8.775826e-01
4.955204e-01
2.707040e-01
8.253356e-01
5.653542e-01
3.088544e-01
7.648422e-01
6.295392e-01
3.439188e-01
6.967067e-01
6.874340e-01
3.755469e-01
6.216100e-01
7.384603e-01
4.034227e-01
5.403023e-01
7.821080e-01
4.272676e-01
4.535961e-01
8.179412e-01
4.468433e-01
3.623578e-01
8.456019e-01
4.619544e-01
2.674988e-01
8.648135e-01
4.724498e-01
1.699671e-01
8.753842e-01
4.782246e-01
7.073720e-02
8.772084e-01
4.792211e-01
-2.919952e-02
8.702677e-01
4.754294e-01
-1.288445e-01
8.546317e-01
4.668874e-01
-2.272021e-01
8.304565e-01
4.536804e-01
-3.232896e-01
7.979836e-01
4.359404e-01
-4.161468e-01
7.575375e-01
4.138446e-01
-5.048461e-01
7.095223e-01
3.876138e-01
-5.885011e-01
6.544179e-01
3.575101e-01
-6.662760e-01
5.927747e-01
3.238343e-01
-7.373937e-01
5.252087e-01
2.869228e-01
-8.011436e-01
4.523950e-01
2.471445e-01
-8.568888e-01
3.750611e-01
2.048968e-01
-9.040721e-01
2.939798e-01
1.606019e-01
-9.422223e-01
2.099610e-01
1.147022e-01
-9.709582e-01
1.238445e-01
6.765654e-02
-9.899925e-01
8.239607e-02
5.637019e-02
9.950042e-01
1.639689e-01
1.121771e-01
9.800666e-01
2.439034e-01
1.668633e-01
9.553365e-01
3.214008e-01
2.198821e-01
9.210610e-01
3.956870e-01
2.707040e-01
8.775826e-01
4.660195e-01
3.188211e-01
8.253356e-01
5.316958e-01
3.637527e-01
7.648422e-01
5.920595e-01
4.050497e-01
6.967067e-01
6.465076e-01
4.422996e-01
6.216100e-01
6.944960e-01
4.751303e-01
5.403023e-01
7.355452e-01
5.032135e-01
4.535961e-01
7.692451e-01
5.262689e-01
3.623578e-01
7.952589e-01
5.440659e-01
2.674988e-01
8.133268e-01
5.564268e-01
1.699671e-01
8.232681e-01
5.632280e-01
7.073720e-02
8.249837e-01
5.644017e-01
-2.919952e-02
8.184563e-01
5.599361e-01
-1.288445e-01
8.037511e-01
5.498757e-01
-2.272021e-01
7.810152e-01
5.343212e-01
-3.232896e-01
7.504756e-01
5.134279e-01
-4.161468e-01
7.124374e-01
4.874047e-01
-5.048461e-01
6.672809e-01
4.565114e-01
-5.885011e-01
6.154571e-01
4.210568e-01
-6.662760e-01
5.574838e-01
3.813952e-01
-7.373937e-01
4.939404e-01
3.379228e-01
-8.011436e-01
4.254616e-01
2.910740e-01
-8.568888e-01
3.527318e-01
2.413168e-01
-9.040721e-01
2.764777e-01
1.891485e-01
-9.422223e-01
1.974610e-01
1.350903e-01
-9.709582e-01
1.164714e-01
7.968235e-02
-9.899925e-01
3.431800e-02
2.347821e-02
-9.991352e-01
7.635681e-02
6.431445e-02
9.950042e-01
1.519507e-01
1.279863e-01
9.800666e-01
2.260263e-01
1.903793e-01
9.553365e-01
2.978436e-01
2.508702e-01
9.210610e-01
3.666849e-01
3.088544e-01
8.775826e-01
4.318624e-01
3.637527e-01
8.253356e-01
4.927249e-01
4.150164e-01
7.648422e-01
5.486642e-01
4.621335e-01
6.967067e-01
5.991215e-01
5.046331e-01
6.216100e-01
6.435925e-01
5.420905e-01
5.403023e-01
6.816330e-01
5.741315e-01
4.535961e-01
7.128628e-01
6.004361e-01
3.623578e-01
7.369700e-01
6.207412e-01
2.674988e-01
7.537135e-01
6.348441e-01
1.699671e-01
7.629262e-01
6.426039e-01
7.073720e-02
7.645161e-01
6.439430e-01
-2.919952e-02
7.584671e-01
6.388480e-01
-1.288445e-01
7.448398e-01
6.273699e-01
-2.272021e-01
7.237702e-01
6.096233e-01
-3.232896e-01
6.954690e-01
5.857855e-01
-4.161468e-01
6.602189e-01
5.560947e-01
-5.048461e-01
6.183722e-01
5.208477e-01
-5.885011e-01
5.703468e-01
4.803965e-01
-6.662760e-01
5.166227e-01
4.351453e-01
-7.373937e-01
4.577367e-01
3.855463e-01
-8.011436e-01
3.942772e-01
3.320951e-01
-8.568888e-01
3.268782e-01
2.753257e-01
-9.040721e-01
2.562131e-01
2.158053e-01
-9.422223e-01
1.829880e-01
1.541286e-01
-9.709582e-01
1.079345e-01
9.091201e-02
-9.899925e-01
3.180264e-02
2.678700e-02
-9.991352e-01
6.955461e-02
7.161611e-02
9.950042e-01
1.384143e-01
1.425167e-01
9.800666e-01
2.058909e-01
2.119932e-01
9.553365e-01
2.713104e-01
2.793516e-01
9.210610e-01
3.340190e-01
3.439188e-01
8.775826e-01
3.933902e-01
4.050497e-01
8.253356e-01
4.488308e-01
4.621335e-01
7.648422e-01
4.997868e-01
5.145998e-01
6.967067e-01
5.457491e-01
5.619243e-01
6.216100e-01
5.862585e-01
6.036343e-01
5.403023e-01
6.209101e-01
6.393130e-01
4.535961e-01
6.493579e-01
6.686039e-01
3.623578e-01
6.713175e-01
6.912143e-01
2.674988e-01
6.865694e-01
7.069184e-01
1.699671e-01
6.949614e-01
7.155591e-01
7.073720e-02
6.964096e-01
7.170502e-01
-2.919952e-02
6.908995e-01
7.113768e-01
-1.288445e-01
6.784862e-01
6.985955e-01
-2.272021e-01
6.592936e-01
6.788341e-01
-3.232896e-01
6.335136e-01
6.522900e-01
-4.161468e-01
6.014038e-01
6.192285e-01
-5.048461e-01
5.632849e-01
5.799798e-01
-5.885011e-01
5.195378e-01
5.349362e-01
-6.662760e-01
4.705997e-01
4.845476e-01
-7.373937e-01
4.169596e-01
4.293176e-01
-8.011436e-01
3.591533e-01
3.697980e-01
-8.568888e-01
2.977584e-01
3.065836e-01
-9.040721e-01
2.333885e-01
2.403058e-01
-9.422223e-01
1.666866e-01
1.716270e-01
-9.709582e-01
9.831926e-02
1.012333e-01
-9.899925e-01
2.896953e-02
2.982814e-02
-9.991352e-01
6.205745e-02
7.820220e-02
9.950042e-01
1.234948e-01
1.556230e-01
9.800666e-01
1.836983e-01
2.314889e-01
9.553365e-01
2.420663e-01
3.050419e-01
9.210610e-01
2.980157e-01
3.755469e-01
8.775826e-01
3.509874e-01
4.422996e-01
8.253356e-01
4.004521e-01
5.046331e-01
7.648422e-01
4.459157e-01
5.619243e-01
6.967067e-01
4.869238e-01
6.136010e-01
6.216100e-01
5.230668e-01
6.591469e-01
5.403023e-01
5.539834e-01
6.981067e-01
4.535961e-01
5.793648e-01
7.300913e-01
3.623578e-01
5.989574e-01
7.547811e-01
2.674988e-01
6.125654e-01
7.719293e-01
1.699671e-01
6.200528e-01
7.813647e-01
7.073720e-02
6.213449e-01
7.829929e-01
-2.919952e-02
6.164287e-01
7.767977e-01
-1.288445e-01
6.053534e-01
7.628411e-01
-2.272021e-01
5.882296e-01
7.412623e-01
-3.232896e-01
5.652283e-01
7.122771e-01
-4.161468e-01
5.365795e-01
6.761751e-01
-5.048461e-01
5.025694e-01
6.333170e-01
-5.885011e-01
4.635378e-01
5.841310e-01
-6.662760e-01
4.198746e-01
5.291085e-01
-7.373937e-01
3.720163e-01
4.687993e-01
-8.011436e-01
3.204408e-01
4.038061e-01
-8.568888e-01
2.656636e-01
3.347782e-01
-9.040721e-01
2.082320e-01
2.624052e-01
-9.422223e-01
1.487198e-01
1.874104e-01
-9.709582e-01
8.772160e-02
1.105431e-01
-9.899925e-01
2.584695e-02
3.257125e-02
-9.991352e-01
5.394023e-02
8.400692e-02
9.950042e-01
1.073415e-01
1.671745e-01
9.800666e-01
1.596702e-01
2.486717e-01
9.553365e-01
2.104036e-01
3.276842e-01
9.210610e-01
2.590347e-01
4.034227e-01
8.775826e-01
3.050776e-01
4.751303e-01
8.253356e-01
3.480723e-01
5.420905e-01
7.648422e-01
3.875892e-01
6.036343e-01
6.967067e-01
4.232333e-01
6.591469e-01
6.216100e-01
4.546487e-01
7.080734e-01
5.403023e-01
4.815214e-01
7.499251e-01
4.535961e-01
5.035829e-01
7.842838e-01
3.623578e-01
5.206127e-01
8.108063e-01
2.674988e-01
5.324408e-01
8.292274e-01
1.699671e-01
5.389488e-01
8.393631e-01
7.073720e-02
5.400719e-01
8.411122e-01
-2.919952e-02
5.357988e-01
8.344572e-01
-1.288445e-01
5.261721e-01
8.194645e-01
-2.272021e-01
5.112881e-01
7.962841e-01
-3.232896e-01
4.912955e-01
7.651474e-01
-4.161468e-01
4.663940e-01
7.263656e-01
-5.048461e-01
4.368325e-01
6.803263e-01
-5.885011e-01
4.029062e-01
6.274893e-01
-6.662760e-01
3.649543e-01
5.683827e-01
-7.373937e-01
3.233559e-01
5.035969e-01
-8.011436e-01
2.785266e-01
4.337794e-01
-8.568888e-01
2.309143e-01
3.596278e-01
-9.040721e-01
1.809949e-01
2.818828e-01
-9.422223e-01
1.292670e-01
2.013214e-01
-9.709582e-01
7.624747e-02
1.187484e-01
-9.899925e-01
2.246613e-02
3.498892e-02
-9.991352e-01
4.528405e-02
8.897228e-02
9.950042e-01
9.011564e-02
1.770556e-01
9.800666e-01
1.340468e-01
2.633698e-01
9.553365e-01
1.766386e-01
3.470525e-01
9.210610e-01
2.174656e-01
4.272676e-01
8.775826e-01
2.561196e-01
5.032135e-01
8.253356e-01
2.922146e-01
5.741315e-01
7.648422e-01
3.253899e-01
6.393130e-01
6.967067e-01
3.553140e-01
6.981067e-01
6.216100e-01
3.816880e-01
7.499251e-01
5.403023e-01
4.042482e-01
7.942506e-01
4.535961e-01
4.227693e-01
8.306401e-01
3.623578e-01
4.370663e-01
8.587301e-01
2.674988e-01
4.469962e-01
8.782401e-01
1.699671e-01
4.524599e-01
8.889749e-01
7.073720e-02
4.534027e-01
8.908274e-01
-2.919952e-02
4.498153e-01
8.837790e-01
-1.288445e-01
4.417335e-01
8.679002e-01
-2.272021e-01
4.292380e-01
8.433496e-01
-3.232896e-01
4.124538e-01
8.103726e-01
-4.161468e-01
3.915484e-01
7.692985e-01
-5.048461e-01
3.667308e-01
7.205379e-01
-5.885011e-01
3.382490e-01
6.645780e-01
-6.662760e-01
3.063875e-01
6.019778e-01
-7.373937e-01
2.714646e-01
5.333628e-01
-8.011436e-01
2.338294e-01
4.594186e-01
-8.568888e-01
1.938579e-01
3.808841e-01
-9.040721e-01
1.519493e-01
2.985439e-01
-9.422223e-01
1.085226e-01
2.132208e-01
-9.709582e-01
6.401149e-02
1.257672e-01
-9.899925e-01
1.886083e-02
3.705699e-02
-9.991352e-01
3.617541e-02
9.304865e-02
9.950042e-01
7.198937e-02
1.851676e-01
9.800666e-01
1.070840e-01
2.754364e-01
9.553365e-01
1.411088e-01
3.629531e-01
9.210610e-01
1.737236e-01
4.468433e-01
8.775826e-01
2.046026e-01
5.262689e-01
8.253356e-01
2.334373e-01
6.004361e-01
7.648422e-01
2.599395e-01
6.686039e-01
6.967067e-01
2.838446e-01
7.300913e-01
6.216100e-01
3.049135e-01
7.842838e-01
5.403023e-01
3.229359e-01
8.306401e-01
4.535961e-01
3.377316e-01
8.686969e-01
3.623578e-01
3.491528e-01
8.980739e-01
2.674988e-01
3.570854e-01
9.184777e-01
1.699671e-01
3.614500e-01
9.297043e-01
7.073720e-02
3.622032e-01
9.316417e-01
-2.919952e-02
3.593374e-01
9.242704e-01
-1.288445e-01
3.528812e-01
9.076641e-01
-2.272021e-01
3.428992e-01
8.819887e-01
-3.232896e-01
3.294910e-01
8.475007e-01
-4.161468e-01
3.127906e-01
8.045449e-01
-5.048461e-01
2.929649e-01
7.535502e-01
-5.885011e-01
2.702121e-01
6.950264e-01
-6.662760e-01
2.447593e-01
6.295581e-01
-7.373937e-01
2.168610e-01
5.577994e-01
-8.011436e-01
1.867959e-01
4.804674e-01
-8.568888e-01
1.548644e-01
3.983348e-01
-9.040721e-01
1.213856e-01
3.122220e-01
-9.422223e-01
8.669385e-02
2.229897e-01
-9.709582e-01
5.113593e-02
1.315294e-01
-9.899925e-01
2.670532e-02
9.619531e-02
9.950042e-01
5.314381e-02
1.914295e-01
9.800666e-01
7.905131e-02
2.847509e-01
9.553365e-01
1.041690e-01
3.752272e-01
9.210610e-01
1.282458e-01
4.619544e-01
8.775826e-01
1.510412e-01
5.440659e-01
8.253356e-01
1.723275e-01
6.207412e-01
7.648422e-01
1.918919e-01
6.912143e-01
6.967067e-01
2.095390e-01
7.547811e-01
6.216100e-01
2.250925e-01
8.108063e-01
5.403023e-01
2.383969e-01
8.587301e-01
4.535961e-01
2.493194e-01
8.980739e-01
3.623578e-01
2.577507e-01
9.284444e-01
2.674988e-01
2.636066e-01
9.495382e-01
1.699671e-01
2.668287e-01
9.611445e-01
7.073720e-02
2.673848e-01
9.631473e-01
-2.919952e-02
2.652692e-01
9.555267e-01
-1.288445e-01
2.605031e-01
9.383589e-01
-2.272021e-01
2.531342e-01
9.118152e-01
-3.232896e-01
2.432360e-01
8.761610e-01
-4.161468e-01
2.309075e-01
8.317525e-01
-5.048461e-01
2.162718e-01
7.790333e-01
-5.885011e-01
1.994753e-01
7.185304e-01
-6.662760e-01
1.806856e-01
6.508481e-01
-7.373937e-01
1.600906e-01
5.766627e-01
-8.011436e-01
1.378960e-01
4.967156e-01
-8.568888e-01
1.143236e-01
4.118054e-01
-9.040721e-01
8.960894e-02
3.227806e-01
-9.422223e-01
6.399892e-02
2.305306e-01
-9.709582e-01
3.774944e-02
1.359773e-01
-9.899925e-01
1.112278e-02
4.006539e-02
-9.991352e-01
1.696840e-02
9.838081e-02
9.950042e-01
3.376726e-02
1.957786e-01
9.800666e-01
5.022873e-02
2.912203e-01
9.553365e-01
6.618832e-02
3.837522e-01
9.210610e-01
8.148659e-02
4.724498e-01
8.775826e-01
9.597067e-02
5.564268e-01
8.253356e-01
1.094958e-01
6.348441e-01
7.648422e-01
1.219270e-01
7.069184e-01
6.967067e-01
1.331398e-01
7.719293e-01
6.216100e-01
1.430224e-01
8.292274e-01
5.403023e-01
1.514760e-01
8.782401e-01
4.535961e-01
1.584160e-01
9.184777e-01
3.623578e-01
1.637732e-01
9.495382e-01
2.674988e-01
1.674941e-01
9.711112e-01
1.699671e-01
1.695414e-01
9.829812e-01
7.073720e-02
1.698947e-01
9.850295e-01
-2.919952e-02
1.685504e-01
9.772358e-01
-1.288445e-01
1.655221e-01
9.596779e-01
-2.272021e-01
1.608399e-01
9.325312e-01
-3.232896e-01
1.545507e-01
8.960669e-01
-4.161468e-01
1.467172e-01
8.506494e-01
-5.048461e-01
1.374178e-01
7.967326e-01
-5.885011e-01
1.267454e-01
7.348550e-01
-6.662760e-01
1.148065e-01
6.656350e-01
-7.373937e-01
1.017206e-01
5.897642e-01
-8.011436e-01
8.761830e-02
5.080007e-01
-8.568888e-01
7.264054e-02
4.211614e-01
-9.040721e-01
5.693698e-02
3.301140e-01
-9.422223e-01
4.066452e-02
2.357682e-01
-9.709582e-01
2.398576e-02
1.390667e-01
-9.899925e-01
7.067346e-03
4.097565e-02
-9.991352e-01
7.061937e-03
9.958333e-02
9.950042e-01
1.405331e-02
1.981717e-01
9.800666e-01
2.090427e-02
2.947799e-01
9.553365e-01
2.754636e-02
3.884428e-01
9.210610e-01
3.391322e-02
4.782246e-01
8.775826e-01
3.994123e-02
5.632280e-01
8.253356e-01
4.557016e-02
6.426039e-01
7.648422e-01
5.074376e-02
7.155591e-01
6.967067e-01
5.541035e-02
7.813647e-01
6.216100e-01
5.952330e-02
8.393631e-01
5.403023e-01
6.304151e-02
8.889749e-01
4.535961e-01
6.592984e-02
9.297043e-01
3.623578e-01
6.815941e-02
9.611445e-01
2.674988e-01
6.970796e-02
9.829812e-01
1.699671e-01
7.056000e-02
9.949962e-01
7.073720e-02
7.070704e-02
9.970697e-01
-2.919952e-02
7.014759e-02
9.891807e-01
-1.288445e-01
6.888726e-02
9.714081e-01
-2.272021e-01
6.693862e-02
9.439296e-01
-3.232896e-01
6.432116e-02
9.070196e-01
-4.161468e-01
6.106102e-02
8.610470e-01
-5.048461e-01
5.719077e-02
8.064711e-01
-5.885011e-01
5.274910e-02
7.438372e-01
-6.662760e-01
4.778038e-02
6.737711e-01
-7.373937e-01
4.233424e-02
5.969730e-01
-8.011436e-01
3.646512e-02
5.142100e-01
-8.568888e-01
3.023166e-02
4.263093e-01
-9.040721e-01
2.369612e-02
3.341490e-01
-9.422223e-01
1.692383e-02
2.386500e-01
-9.709582e-01
9.982434e-03
1.407665e-01
-9.899925e-01
2.941300e-03
4.147650e-02
-9.991352e-01
-2.915088e-03
9.979085e-02
9.950042e-01
-5.801050e-03
1.985846e-01
9.800666e-01
-8.629049e-03
2.953942e-01
9.553365e-01
-1.137083e-02
3.892523e-01
9.210610e-01
-1.399900e-02
4.792211e-01
8.775826e-01
-1.648729e-02
5.644017e-01
8.253356e-01
-1.881085e-02
6.439430e-01
7.648422e-01
-2.094646e-02
7.170502e-01
6.967067e-01
-2.287277e-02
7.829929e-01
6.216100e-01
-2.457055e-02
8.411122e-01
5.403023e-01
-2.602283e-02
8.908274e-01
4.535961e-01
-2.721510e-02
9.316417e-01
3.623578e-01
-2.813544e-02
9.631473e-01
2.674988e-01
-2.877466e-02
9.850295e-01
1.699671e-01
-2.912638e-02
9.970697e-01
7.073720e-02
-2.918707e-02
9.991474e-01
-2.919952e-02
-2.895614e-02
9.912420e-01
-1.288445e-01
-2.843589e-02
9.734324e-01
-2.272021e-01
-2.763151e-02
9.458966e-01
-3.232896e-01
-2.655105e-02
9.089097e-01
-4.161468e-01
-2.520530e-02
8.628413e-01
-5.048461e-01
-2.360771e-02
8.081517e-01
-5.885011e-01
-2.177424e-02
7.453872e-01
-6.662760e-01
-1.972320e-02
6.751752e-01
-7.373937e-01
-1.747510e-02
5.982170e-01
-8.011436e-01
-1.505239e-02
5.152816e-01
-8.568888e-01
-1.247929e-02
4.271976e-01
-9.040721e-01
-9.781494e-03
3.348453e-01
-9.422223e-01
-6.985966e-03
2.391473e-01
-9.709582e-01
-4.120637e-03
1.410598e-01
-9.899925e-01
-1.214135e-03
4.156293e-02
-9.991352e-01
-1.286299e-02
9.900129e-02
9.950042e-01
-2.559745e-02
1.970134e-01
9.800666e-01
-3.807615e-02
2.930570e-01
9.553365e-01
-5.017441e-02
3.861725e-01
9.210610e-01
-6.177134e-02
4.754294e-01
8.775826e-01
-7.275107e-02
5.599361e-01
8.253356e-01
-8.300390e-02
6.388480e-01
7.648422e-01
-9.242738e-02
7.113768e-01
6.967067e-01
-1.009274e-01
7.767977e-01
6.216100e-01
-1.084189e-01
8.344572e-01
5.403023e-01
-1.148272e-01
8.837790e-01
4.535961e-01
-1.200881e-01
9.242704e-01
3.623578e-01
-1.241492e-01
9.555267e-01
2.674988e-01
-1.269698e-01
9.772358e-01
1.699671e-01
-1.285217e-01
9.891807e-01
7.073720e-02
-1.287896e-01
9.912420e-01
-2.919952e-02
-1.277706e-01
9.833991e-01
-1.288445e-01
-1.254749e-01
9.657304e-01
-2.272021e-01
-1.219256e-01
9.384125e-01
-3.232896e-01
-1.171580e-01
9.017183e-01
-4.161468e-01
-1.112198e-01
8.560144e-01
-5.048461e-01
-1.041703e-01
8.017574e-01
-5.885011e-01
-9.608001e-02
7.394896e-01
-6.662760e-01
-8.702971e-02
6.698331e-01
-7.373937e-01
-7.710984e-02
5.934838e-01
-8.011436e-01
-6.641951e-02
5.112046e-01
-8.568888e-01
-5.506554e-02
4.238176e-01
-9.040721e-01
-4.316138e-02
3.321960e-01
-9.422223e-01
-3.082596e-02
2.372551e-01
-9.709582e-01
-1.818254e-02
1.399437e-01
-9.899925e-01
-5.357439e-03
4.123408e-02
-9.991352e-01
-2.268236e-02
9.722254e-02
9.950042e-01
-4.513809e-02
1.934737e-01
9.800666e-01
-6.714281e-02
2.877917e-01
9.553365e-01
-8.847666e-02
3.792341e-01
9.210610e-01
-1.089265e-01
4.668874e-01
8.775826e-01
-1.282880e-01
5.498757e-01
8.253356e-01
-1.463676e-01
6.273699e-01
7.648422e-01
-1.629848e-01
6.985955e-01
6.967067e-01
-1.779735e-01
7.628411e-01
6.216100e-01
-1.911840e-01
8.194645e-01
5.403023e-01
-2.024842e-01
8.679002e-01
4.535961e-01
-2.117612e-01
9.076641e-01
3.623578e-01
-2.189224e-01
9.383589e-01
2.674988e-01
-2.238962e-01
9.596779e-01
1.699671e-01
-2.266330e-01
9.714081e-01
7.073720e-02
-2.271052e-01
9.734324e-01
-2.919952e-02
-2.253083e-01
9.657304e-01
-1.288445e-01
-2.212602e-01
9.483792e-01
-2.272021e-01
-2.150014e-01
9.215521e-01
-3.232896e-01
-2.065943e-01
8.855171e-01
-4.161468e-01
-1.961230e-01
8.406344e-01
-5.048461e-01
-1.836921e-01
7.873523e-01
-5.885011e-01
-1.694258e-01
7.262033e-01
-6.662760e-01
-1.534666e-01
6.577982e-01
-7.373937e-01
-1.359741e-01
5.828207e-01
-8.011436e-01
-1.171230e-01
5.020198e-01
-8.568888e-01
-9.710160e-02
4.162029e-01
-9.040721e-01
-7.611001e-02
3.262274e-01
-9.422223e-01
-5.435795e-02
2.329924e-01
-9.709582e-01
-3.206276e-02
1.374294e-01
-9.899925e-01
-3.227510e-02
9.447237e-02
9.950042e-01
-6.422772e-02
1.880008e-01
9.800666e-01
-9.553860e-02
2.796508e-01
9.553365e-01
-1.258949e-01
3.685066e-01
9.210610e-01
-1.549933e-01
4.536804e-01
8.775826e-01
-1.825430e-01
5.343212e-01
8.253356e-01
-2.082689e-01
6.096233e-01
7.648422e-01
-2.319137e-01
6.788341e-01
6.967067e-01
-2.532414e-01
7.412623e-01
6.216100e-01
-2.720388e-01
7.962841e-01
5.403023e-01
-2.881180e-01
8.433496e-01
4.535961e-01
-3.013185e-01
8.819887e-01
3.623578e-01
-3.115083e-01
9.118152e-01
2.674988e-01
-3.185856e-01
9.325312e-01
1.699671e-01
-3.224797e-01
9.439296e-01
7.073720e-02
-3.231517e-01
9.458966e-01
-2.919952e-02
-3.205949e-01
9.384125e-01
-1.288445e-01
-3.148348e-01
9.215521e-01
-2.272021e-01
-3.059289e-01
8.954839e-01
-3.232896e-01
-2.939664e-01
8.604682e-01
-4.161468e-01
-2.790666e-01
8.168551e-01
-5.048461e-01
-2.613785e-01
7.650802e-01
-5.885011e-01
-2.410787e-01
7.056609e-01
-6.662760e-01
-2.183702e-01
6.391909e-01
-7.373937e-01
-1.934798e-01
5.663342e-01
-8.011436e-01
-1.666562e-01
4.878190e-01
-8.568888e-01
-1.381675e-01
4.044296e-01
-9.040721e-01
-1.082982e-01
3.169993e-01
-9.422223e-01
-7.734681e-02
2.264017e-01
-9.709582e-01
-4.562263e-02
1.335419e-01
-9.899925e-01
-1.344259e-02
3.934778e-02
-9.991352e-01
-4.154536e-02
9.077827e-02
9.950042e-01
-8.267561e-02
1.806495e-01
9.800666e-01
-1.229798e-01
2.687158e-01
9.553365e-01
-1.620552e-01
3.540971e-01
9.210610e-01
-1.995114e-01
4.359404e-01
8.775826e-01
-2.349742e-01
5.134279e-01
8.253356e-01
-2.680892e-01
5.857855e-01
7.648422e-01
-2.985255e-01
6.522900e-01
6.967067e-01
-3.259790e-01
7.122771e-01
6.216100e-01
-3.501755e-01
7.651474e-01
5.403023e-01
-3.708731e-01
8.103726e-01
4.535961e-01
-3.878651e-01
8.475007e-01
3.623578e-01
-4.009817e-01
8.761610e-01
2.674988e-01
-4.100918e-01
8.960669e-01
1.699671e-01
-4.151044e-01
9.070196e-01
7.073720e-02
-4.159694e-01
9.089097e-01
-2.919952e-02
-4.126782e-01
9.017183e-01
-1.288445e-01
-4.052636e-01
8.855171e-01
-2.272021e-01
-3.937998e-01
8.604682e-01
-3.232896e-01
-3.784012e-01
8.268218e-01
-4.161468e-01
-3.592218e-01
7.849141e-01
-5.048461e-01
-3.364532e-01
7.351637e-01
-5.885011e-01
-3.103229e-01
6.780678e-01
-6.662760e-01
-2.810919e-01
6.141969e-01
-7.373937e-01
-2.490523e-01
5.441892e-01
-8.011436e-01
-2.145243e-01
4.687441e-01
-8.568888e-01
-1.778528e-01
3.886154e-01
-9.040721e-01
-1.394043e-01
3.046039e-01
-9.422223e-01
-9.956285e-02
2.175488e-01
-9.709582e-01
-5.872664e-02
1.283201e-01
-9.899925e-01
-1.730366e-02
3.780919e-02
-9.991352e-01
-5.040051e-02
8.617714e-02
9.950042e-01
-1.002974e-01
1.714932e-01
9.800666e-01
-1.491922e-01
2.550958e-01
9.553365e-01
-1.965963e-01
3.361496e-01
9.210610e-01
-2.420361e-01
4.138446e-01
8.775826e-01
-2.850576e-01
4.874047e-01
8.253356e-01
-3.252308e-01
5.560947e-01
7.648422e-01
-3.621544e-01
6.192285e-01
6.967067e-01
-3.954595e-01
6.761751e-01
6.216100e-01
-4.248133e-01
7.263656e-01
5.403023e-01
-4.499226e-01
7.692985e-01
4.535961e-01
-4.705363e-01
8.045449e-01
3.623578e-01
-4.864486e-01
8.317525e-01
2.674988e-01
-4.975005e-01
8.506494e-01
1.699671e-01
-5.035815e-01
8.610470e-01
7.073720e-02
-5.046308e-01
8.628413e-01
-2.919952e-02
-5.006381e-01
8.560144e-01
-1.288445e-01
-4.916432e-01
8.406344e-01
-2.272021e-01
-4.777359e-01
8.168551e-01
-3.232896e-01
-4.590553e-01
7.849141e-01
-4.161468e-01
-4.357879e-01
7.451304e-01
-5.048461e-01
-4.081663e-01
6.979017e-01
-5.885011e-01
-3.764664e-01
6.436997e-01
-6.662760e-01
-3.410050e-01
5.830661e-01
-7.373937e-01
-3.021363e-01
5.166068e-01
-8.011436e-01
-2.602489e-01
4.449856e-01
-8.568888e-01
-2.157611e-01
3.689183e-01
-9.040721e-01
-1.691175e-01
2.891649e-01
-9.422223e-01
-1.207841e-01
2.065223e-01
-9.709582e-01
-7.124389e-02
1.218161e-01
-9.899925e-01
-2.099184e-02
3.589282e-02
-9.991352e-01
-5.875208e-02
8.071496e-02
9.950042e-01
-1.169171e-01
1.606234e-01
9.800666e-01
-1.739140e-01
2.389270e-01
9.553365e-01
-2.291731e-01
3.148433e-01
9.210610e-01
-2.821425e-01
3.876138e-01
8.775826e-01
-3.322927e-01
4.565114e-01
8.253356e-01
-3.791228e-01
5.208477e-01
7.648422e-01
-4.221649e-01
5.799798e-01
6.967067e-01
-4.609888e-01
6.333170e-01
6.216100e-01
-4.952066e-01
6.803263e-01
5.403023e-01
-5.244765e-01
7.205379e-01
4.535961e-01
-5.485060e-01
7.535502e-01
3.623578e-01
-5.670551e-01
7.790333e-01
2.674988e-01
-5.799383e-01
7.967326e-01
1.699671e-01
-5.870269e-01
8.064711e-01
7.073720e-02
-5.882502e-01
8.081517e-01
-2.919952e-02
-5.835958e-01
8.017574e-01
-1.288445e-01
-5.731104e-01
7.873523e-01
-2.272021e-01
-5.568987e-01
7.650802e-01
-3.232896e-01
-5.351226e-01
7.351637e-01
-4.161468e-01
-5.079997e-01
6.979017e-01
-5.048461e-01
-4.758010e-01
6.536664e-01
-5.885011e-01
-4.388484e-01
6.029000e-01
-6.662760e-01
-3.975108e-01
5.461096e-01
-7.373937e-01
-3.522015e-01
4.838626e-01
-8.011436e-01
-3.033731e-01
4.167810e-01
-8.568888e-01
-2.515135e-01
3.455351e-01
-9.040721e-01
-1.971409e-01
2.708367e-01
-9.422223e-01
-1.407985e-01
1.934322e-01
-9.709582e-01
-8.304928e-02
1.140950e-01
-9.899925e-01
-2.447027e-02
3.361782e-02
-9.991352e-01
-6.651661e-02
7.444630e-02
9.950042e-01
-1.323686e-01
1.481488e-01
9.800666e-01
-1.968980e-01
2.203710e-01
9.553365e-01
-2.594601e-01
2.903913e-01
9.210610e-01
-3.194297e-01
3.575101e-01
8.775826e-01
-3.762077e-01
4.210568e-01
8.253356e-01
-4.292268e-01
4.803965e-01
7.648422e-01
-4.779572e-01
5.349362e-01
6.967067e-01
-5.219119e-01
5.841310e-01
6.216100e-01
-5.606519e-01
6.274893e-01
5.403023e-01
-5.937901e-01
6.645780e-01
4.535961e-01
-6.209953e-01
6.950264e-01
3.623578e-01
-6.419957e-01
7.185304e-01
2.674988e-01
-6.565815e-01
7.348550e-01
1.699671e-01
-6.646070e-01
7.438372e-01
7.073720e-02
-6.659919e-01
7.453872e-01
-2.919952e-02
-6.607225e-01
7.394896e-01
-1.288445e-01
-6.488513e-01
7.262033e-01
-2.272021e-01
-6.304971e-01
7.056609e-01
-3.232896e-01
-6.058431e-01
6.780678e-01
-4.161468e-01
-5.751357e-01
6.436997e-01
-5.048461e-01
-5.386818e-01
6.029000e-01
-5.885011e-01
-4.968455e-01
5.560763e-01
-6.662760e-01
-4.500449e-01
5.036964e-01
-7.373937e-01
-3.987476e-01
4.462838e-01
-8.011436e-01
-3.434662e-01
3.844121e-01
-8.568888e-01
-2.847530e-01
3.186994e-01
-9.040721e-01
-2.231946e-01
2.498024e-01
-9.422223e-01
-1.594061e-01
1.784095e-01
-9.709582e-01
-9.402488e-02
1.052339e-01
-9.899925e-01
-2.770420e-02
3.100692e-02
-9.991352e-01
-7.361653e-02
6.743380e-02
9.950042e-01
-1.464975e-01
1.341938e-01
9.800666e-01
-2.179147e-01
1.996130e-01
9.553365e-01
-2.871546e-01
2.630378e-01
9.210610e-01
-3.535254e-01
3.238343e-01
8.775826e-01
-4.163638e-01
3.813952e-01
8.253356e-01
-4.750421e-01
4.351453e-01
7.648422e-01
-5.289739e-01
4.845476e-01
6.967067e-01
-5.776203e-01
5.291085e-01
6.216100e-01
-6.204954e-01
5.683827e-01
5.403023e-01
-6.571707e-01
6.019778e-01
4.535961e-01
-6.872798e-01
6.295581e-01
3.623578e-01
-7.105218e-01
6.508481e-01
2.674988e-01
-7.266644e-01
6.656350e-01
1.699671e-01
-7.355465e-01
6.737711e-01
7.073720e-02
-7.370793e-01
6.751752e-01
-2.919952e-02
-7.312474e-01
6.698331e-01
-1.288445e-01
-7.181091e-01
6.577982e-01
-2.272021e-01
-6.977957e-01
6.391909e-01
-3.232896e-01
-6.705102e-01
6.141969e-01
-4.161468e-01
-6.365252e-01
5.830661e-01
-5.048461e-01
-5.961802e-01
5.461096e-01
-5.885011e-01
-5.498783e-01
5.036964e-01
-6.662760e-01
-4.980823e-01
4.562505e-01
-7.373937e-01
-4.413096e-01
4.042459e-01
-8.011436e-01
-3.801275e-01
3.482022e-01
-8.568888e-01
-3.151472e-01
2.886794e-01
-9.040721e-01
-2.470182e-01
2.262722e-01
-9.422223e-01
-1.764210e-01
1.616041e-01
-9.709582e-01
-1.040610e-01
9.532137e-02
-9.899925e-01
-3.066132e-02
2.808621e-02
-9.991352e-01
-7.998090e-02
5.974752e-02
9.950042e-01
-1.591627e-01
1.188981e-01
9.800666e-01
-2.367541e-01
1.768606e-01
9.553365e-01
-3.119800e-01
2.330560e-01
9.210610e-01
-3.840887e-01
2.869228e-01
8.775826e-01
-4.523597e-01
3.379228e-01
8.253356e-01
-5.161109e-01
3.855463e-01
7.648422e-01
-5.747053e-01
4.293176e-01
6.967067e-01
-6.275574e-01
4.687993e-01
6.216100e-01
-6.741391e-01
5.035969e-01
5.403023e-01
-7.139851e-01
5.333628e-01
4.535961e-01
-7.466972e-01
5.577994e-01
3.623578e-01
-7.719485e-01
5.766627e-01
2.674988e-01
-7.894868e-01
5.897642e-01
1.699671e-01
-7.991367e-01
5.969730e-01
7.073720e-02
-8.008020e-01
5.982170e-01
-2.919952e-02
-7.944659e-01
5.934838e-01
-1.288445e-01
-7.801918e-01
5.828207e-01
-2.272021e-01
-7.581223e-01
5.663342e-01
-3.232896e-01
-7.284778e-01
5.441892e-01
-4.161468e-01
-6.915547e-01
5.166068e-01
-5.048461e-01
-6.477217e-01
4.838626e-01
-5.885011e-01
-5.974170e-01
4.462838e-01
-6.662760e-01
-5.411430e-01
4.042459e-01
-7.373937e-01
-4.794621e-01
3.581689e-01
-8.011436e-01
-4.129906e-01
3.085132e-01
-8.568888e-01
-3.423927e-01
2.557750e-01
-9.040721e-01
-2.683736e-01
2.004811e-01
-9.422223e-01
-1.916731e-01
1.431841e-01
-9.709582e-01
-1.130574e-01
8.445639e-02
-9.899925e-01
-3.331208e-02
2.488487e-02
-9.991352e-01
-8.554613e-02
5.146426e-02
9.950042e-01
-1.702375e-01
1.024143e-01
9.800666e-01
-2.532279e-01
1.523411e-01
9.553365e-01
-3.336882e-01
2.007457e-01
9.210610e-01
-4.108144e-01
2.471445e-01
8.775826e-01
-4.838358e-01
2.910740e-01
8.253356e-01
-5.520229e-01
3.320951e-01
7.648422e-01
-6.146944e-01
3.697980e-01
6.967067e-01
-6.712240e-01
4.038061e-01
6.216100e-01
-7.210470e-01
4.337794e-01
5.403023e-01
-7.636656e-01
4.594186e-01
4.535961e-01
-7.986538e-01
4.804674e-01
3.623578e-01
-8.256622e-01
4.967156e-01
2.674988e-01
-8.444208e-01
5.080007e-01
1.699671e-01
-8.547422e-01
5.142100e-01
7.073720e-02
-8.565234e-01
5.152816e-01
-2.919952e-02
-8.497464e-01
5.112046e-01
-1.288445e-01
-8.344791e-01
5.020198e-01
-2.272021e-01
-8.108739e-01
4.878190e-01
-3.232896e-01
-7.791667e-01
4.687441e-01
-4.161468e-01
-7.396744e-01
4.449856e-01
-5.048461e-01
-6.927915e-01
4.167810e-01
-5.885011e-01
-6.389864e-01
3.844121e-01
-6.662760e-01
-5.787968e-01
3.482022e-01
-7.373937e-01
-5.128240e-01
3.085132e-01
-8.011436e-01
-4.417273e-01
2.657417e-01
-8.568888e-01
-3.662170e-01
2.203149e-01
-9.040721e-01
-2.870476e-01
1.726869e-01
-9.422223e-01
-2.050101e-01
1.233334e-01
-9.709582e-01
-1.209241e-01
7.274756e-02
-9.899925e-01
-3.563000e-02
2.143489e-02
-9.991352e-01
-9.025661e-02
4.266679e-02
9.950042e-01
-1.796114e-01
8.490727e-02
9.800666e-01
-2.671716e-01
1.262994e-01
9.553365e-01
-3.520623e-01
1.664296e-01
9.210610e-01
-4.334353e-01
2.048968e-01
8.775826e-01
-5.104775e-01
2.413168e-01
8.253356e-01
-5.824193e-01
2.753257e-01
7.648422e-01
-6.485417e-01
3.065836e-01
6.967067e-01
-7.081840e-01
3.347782e-01
6.216100e-01
-7.607505e-01
3.596278e-01
5.403023e-01
-8.057157e-01
3.808841e-01
4.535961e-01
-8.426306e-01
3.983348e-01
3.623578e-01
-8.711261e-01
4.118054e-01
2.674988e-01
-8.909176e-01
4.211614e-01
1.699671e-01
-9.018074e-01
4.263093e-01
7.073720e-02
-9.036866e-01
4.271976e-01
-2.919952e-02
-8.965365e-01
4.238176e-01
-1.288445e-01
-8.804285e-01
4.162029e-01
-2.272021e-01
-8.555235e-01
4.044296e-01
-3.232896e-01
-8.220705e-01
3.886154e-01
-4.161468e-01
-7.804035e-01
3.689183e-01
-5.048461e-01
-7.309391e-01
3.455351e-01
-5.885011e-01
-6.741713e-01
3.186994e-01
-6.662760e-01
-6.106674e-01
2.886794e-01
-7.373937e-01
-5.410620e-01
2.557750e-01
-8.011436e-01
-4.660504e-01
2.203149e-01
-8.568888e-01
-3.863822e-01
1.826536e-01
-9.040721e-01
-3.028535e-01
1.431672e-01
-9.422223e-01
-2.162987e-01
1.022503e-01
-9.709582e-01
-1.275827e-01
6.031185e-02
-9.899925e-01
-3.759192e-02
1.777074e-02
-9.991352e-01
-9.406528e-02
3.344301e-02
9.950042e-01
-1.871907e-01
6.655187e-02
9.800666e-01
-2.784457e-01
9.899577e-02
9.553365e-01
-3.669187e-01
1.304505e-01
9.210610e-01
-4.517255e-01
1.606019e-01
8.775826e-01
-5.320188e-01
1.891485e-01
8.253356e-01
-6.069963e-01
2.158053e-01
7.648422e-01
-6.759089e-01
2.403058e-01
6.967067e-01
-7.380681e-01
2.624052e-01
6.216100e-01
-7.928528e-01
2.818828e-01
5.403023e-01
-8.397155e-01
2.985439e-01
4.535961e-01
-8.781880e-01
3.122220e-01
3.623578e-01
-9.078860e-01
3.227806e-01
2.674988e-01
-9.285128e-01
3.301140e-01
1.699671e-01
-9.398621e-01
3.341490e-01
7.073720e-02
-9.418206e-01
3.348453e-01
-2.919952e-02
-9.343687e-01
3.321960e-01
-1.288445e-01
-9.175810e-01
3.262274e-01
-2.272021e-01
-8.916251e-01
3.169993e-01
-3.232896e-01
-8.567603e-01
3.046039e-01
-4.161468e-01
-8.133351e-01
2.891649e-01
-5.048461e-01
-7.617834e-01
2.708367e-01
-5.885011e-01
-7.026201e-01
2.498024e-01
-6.662760e-01
-6.364365e-01
2.262722e-01
-7.373937e-01
-5.638938e-01
2.004811e-01
-8.011436e-01
-4.857169e-01
1.726869e-01
-8.568888e-01
-4.026869e-01
1.431672e-01
-9.040721e-01
-3.156333e-01
1.122171e-01
-9.422223e-01
-2.254261e-01
8.014569e-02
-9.709582e-01
-1.329664e-01
4.727353e-02
-9.899925e-01
-3.917823e-02
1.392903e-02
-9.991352e-01
-9.693407e-02
2.388508e-02
9.950042e-01
-1.928996e-01
4.753150e-02
9.800666e-01
-2.869378e-01
7.070301e-02
9.553365e-01
-3.781089e-01
9.316808e-02
9.210610e-01
-4.655021e-01
1.147022e-01
8.775826e-01
-5.482442e-01
1.350903e-01
8.253356e-01
-6.255084e-01
1.541286e-01
7.648422e-01
-6.965228e-01
1.716270e-01
6.967067e-01
-7.605777e-01
1.874104e-01
6.216100e-01
-8.170331e-01
2.013214e-01
5.403023e-01
-8.653251e-01
2.132208e-01
4.535961e-01
-9.049710e-01
2.229897e-01
3.623578e-01
-9.355747e-01
2.305306e-01
2.674988e-01
-9.568305e-01
2.357682e-01
1.699671e-01
-9.685259e-01
2.386500e-01
7.073720e-02
-9.705442e-01
2.391473e-01
-2.919952e-02
-9.628650e-01
2.372551e-01
-1.288445e-01
-9.455653e-01
2.329924e-01
-2.272021e-01
-9.188178e-01
2.264017e-01
-3.232896e-01
-8.828898e-01
2.175488e-01
-4.161468e-01
-8.381402e-01
2.065223e-01
-5.048461e-01
-7.850162e-01
1.934322e-01
-5.885011e-01
-7.240486e-01
1.784095e-01
-6.662760e-01
-6.558465e-01
1.616041e-01
-7.373937e-01
-5.810914e-01
1.431841e-01
-8.011436e-01
-5.005303e-01
1.233334e-01
-8.568888e-01
-4.149680e-01
1.022503e-01
-9.040721e-01
-3.252595e-01
8.014569e-02
-9.422223e-01
-2.323011e-01
5.724024e-02
-9.709582e-01
-1.370216e-01
3.376287e-02
-9.899925e-01
-9.883433e-02
1.408849e-02
9.950042e-01
-1.966811e-01
2.803622e-02
9.800666e-01
-2.925628e-01
4.170381e-02
9.553365e-01
-3.855212e-01
5.495472e-02
9.210610e-01
-4.746277e-01
6.765654e-02
8.775826e-01
-5.589918e-01
7.968235e-02
8.253356e-01
-6.377707e-01
9.091201e-02
7.648422e-01
-7.101771e-01
1.012333e-01
6.967067e-01
-7.754878e-01
1.105431e-01
6.216100e-01
-8.330500e-01
1.187484e-01
5.403023e-01
-8.822886e-01
1.257672e-01
4.535961e-01
-9.227117e-01
1.315294e-01
3.623578e-01
-9.539154e-01
1.359773e-01
2.674988e-01
-9.755878e-01
1.390667e-01
1.699671e-01
-9.875126e-01
1.407665e-01
7.073720e-02
-9.895704e-01
1.410598e-01
-2.919952e-02
-9.817407e-01
1.399437e-01
-1.288445e-01
-9.641018e-01
1.374294e-01
-2.272021e-01
-9.368300e-01
1.335419e-01
-3.232896e-01
-9.001976e-01
1.283201e-01
-4.161468e-01
-8.545708e-01
1.218161e-01
-5.048461e-01
-8.004054e-01
1.140950e-01
-5.885011e-01
-7.382426e-01
1.052339e-01
-6.662760e-01
-6.687035e-01
9.532137e-02
-7.373937e-01
-5.924829e-01
8.445639e-02
-8.011436e-01
-5.103425e-01
7.274756e-02
-8.568888e-01
-4.231029e-01
6.031185e-02
-9.040721e-01
-3.316358e-01
4.727353e-02
-9.422223e-01
-2.368550e-01
3.376287e-02
-9.709582e-01
-1.397077e-01
1.991486e-02
-9.899925e-01
-4.116454e-02
5.867863e-03
-9.991352e-01
-9.974708e-02
4.151140e-03
9.950042e-01
-1.984975e-01
8.260802e-03
9.800666e-01
-2.952646e-01
1.228793e-02
9.553365e-01
-3.890816e-01
1.619227e-02
9.210610e-01
-4.790109e-01
1.993483e-02
8.775826e-01
-5.641541e-01
2.347821e-02
8.253356e-01
-6.436605e-01
2.678700e-02
7.648422e-01
-7.167357e-01
2.982814e-02
6.967067e-01
-7.826494e-01
3.257125e-02
6.216100e-01
-8.407432e-01
3.498892e-02
5.403023e-01
-8.904366e-01
3.705699e-02
4.535961e-01
-9.312330e-01
3.875480e-02
3.623578e-01
-9.627249e-01
4.006539e-02
2.674988e-01
-9.845975e-01
4.097565e-02
1.699671e-01
-9.966323e-01
4.147650e-02
7.073720e-02
-9.987091e-01
4.156293e-02
-2.919952e-02
-9.908072e-01
4.123408e-02
-1.288445e-01
-9.730054e-01
4.049323e-02
-2.272021e-01
-9.454817e-01
3.934778e-02
-3.232896e-01
-9.085110e-01
3.780919e-02
-4.161468e-01
-8.624628e-01
3.589282e-02
-5.048461e-01
-8.077972e-01
3.361782e-02
-5.885011e-01
-7.450603e-01
3.100692e-02
-6.662760e-01
-6.748790e-01
2.808621e-02
-7.373937e-01
-5.979546e-01
2.488487e-02
-8.011436e-01
-5.150555e-01
2.143489e-02
-8.568888e-01
-4.270103e-01
1.777074e-02
-9.040721e-01
-3.346984e-01
1.392903e-02
-9.422223e-01
-2.390424e-01
9.948146e-03
-9.709582e-01
-1.409980e-01
5.867863e-03
-9.899925e-01
-4.154470e-02
1.728951e-03
-9.991352e-01
-9.966318e-02
-5.827690e-03
9.950042e-01
-1.983306e-01
-1.159715e-02
9.800666e-01
-2.950163e-01
-1.725074e-02
9.553365e-01
-3.887543e-01
-2.273196e-02
9.210610e-01
-4.786080e-01
-2.798606e-02
8.775826e-01
-5.636796e-01
-3.296052e-02
8.253356e-01
-6.431192e-01
-3.760566e-02
7.648422e-01
-7.161328e-01
-4.187505e-02
6.967067e-01
-7.819912e-01
-4.572604e-02
6.216100e-01
-8.400361e-01
-4.912015e-02
5.403023e-01
-8.896877e-01
-5.202347e-02
4.535961e-01
-9.304498e-01
-5.440698e-02
3.623578e-01
-9.619151e-01
-5.624688e-02
2.674988e-01
-9.837693e-01
-5.752478e-02
1.699671e-01
-9.957940e-01
-5.822792e-02
7.073720e-02
-9.978691e-01
-5.834925e-02
-2.919952e-02
-9.899738e-01
-5.788758e-02
-1.288445e-01
-9.721870e-01
-5.684752e-02
-2.272021e-01
-9.446864e-01
-5.523946e-02
-3.232896e-01
-9.077469e-01
-5.307946e-02
-4.161468e-01
-8.617374e-01
-5.038911e-02
-5.048461e-01
-8.071177e-01
-4.719529e-02
-5.885011e-01
-7.444336e-01
-4.352990e-02
-6.662760e-01
-6.743114e-01
-3.942958e-02
-7.373937e-01
-5.974516e-01
-3.493530e-02
-8.011436e-01
-5.146223e-01
-3.009195e-02
-8.568888e-01
-4.266511e-01
-2.494793e-02
-9.040721e-01
-3.344169e-01
-1.955465e-02
-9.422223e-01
-2.388414e-01
-1.396597e-02
-9.709582e-01
-1.408794e-01
-8.237760e-03
-9.899925e-01
-4.150976e-02
-2.427236e-03
-9.991352e-01
-9.858348e-02
-1.574829e-02
9.950042e-01
-1.961819e-01
-3.133923e-02
9.800666e-01
-2.918202e-01
-4.661704e-02
9.553365e-01
-3.845427e-01
-6.142907e-02
9.210610e-01
-4.734230e-01
-7.562731e-02
8.775826e-01
-5.575730e-01
-8.906992e-02
8.253356e-01
-6.361519e-01
-1.016226e-01
7.648422e-01
-7.083746e-01
-1.131598e-01
6.967067e-01
-7.735195e-01
-1.235664e-01
6.216100e-01
-8.309356e-01
-1.327384e-01
5.403023e-01
-8.800492e-01
-1.405841e-01
4.535961e-01
-9.203697e-01
-1.470252e-01
3.623578e-01
-9.514942e-01
-1.519972e-01
2.674988e-01
-9.731117e-01
-1.554505e-01
1.699671e-01
-9.850061e-01
-1.573505e-01
7.073720e-02
-9.870587e-01
-1.576784e-01
-2.919952e-02
-9.792489e-01
-1.564309e-01
-1.288445e-01
-9.616548e-01
-1.536203e-01
-2.272021e-01
-9.344522e-01
-1.492748e-01
-3.232896e-01
-8.979128e-01
-1.434378e-01
-4.161468e-01
-8.524018e-01
-1.361676e-01
-5.048461e-01
-7.983738e-01
-1.275368e-01
-5.885011e-01
-7.363688e-01
-1.176318e-01
-6.662760e-01
-6.670062e-01
-1.065514e-01
-7.373937e-01
-5.909791e-01
-9.440640e-02
-8.011436e-01
-5.090472e-01
-8.131812e-02
-8.568888e-01
-4.220290e-01
-6.741734e-02
-9.040721e-01
-3.307940e-01
-5.284294e-02
-9.422223e-01
-2.362539e-01
-3.774055e-02
-9.709582e-01
-1.393532e-01
-2.226107e-02
-9.899925e-01
-4.106006e-02
-6.559170e-03
-9.991352e-01
-9.651877e-02
-2.551154e-02
9.950042e-01
-1.920731e-01
-5.076818e-02
9.800666e-01
-2.857084e-01
-7.551756e-02
9.553365e-01
-3.764889e-01
-9.951239e-02
9.210610e-01
-4.635077e-01
-1.225129e-01
8.775826e-01
-5.458953e-01
-1.442894e-01
8.253356e-01
-6.228285e-01
-1.646241e-01
7.648422e-01
-6.935386e-01
-1.833140e-01
6.967067e-01
-7.573190e-01
-2.001722e-01
6.216100e-01
-8.135326e-01
-2.150304e-01
5.403023e-01
-8.616177e-01
-2.277401e-01
4.535961e-01
-9.010937e-01
-2.381743e-01
3.623578e-01
-9.315663e-01
-2.462287e-01
2.674988e-01
-9.527310e-01
-2.518229e-01
1.699671e-01
-9.643764e-01
-2.549010e-01
7.073720e-02
-9.663860e-01
-2.554321e-01
-2.919952e-02
-9.587397e-01
-2.534111e-01
-1.288445e-01
-9.415141e-01
-2.488581e-01
-2.272021e-01
-9.148812e-01
-2.418186e-01
-3.232896e-01
-8.791071e-01
-2.323629e-01
-4.161468e-01
-8.345493e-01
-2.205855e-01
-5.048461e-01
-7.816529e-01
-2.066041e-01
-5.885011e-01
-7.209465e-01
-1.905583e-01
-6.662760e-01
-6.530366e-01
-1.726086e-01
-7.373937e-01
-5.786018e-01
-1.529342e-01
-8.011436e-01
-4.983858e-01
-1.317318e-01
-8.568888e-01
-4.131901e-01
-1.092131e-01
-9.040721e-01
-3.238659e-01
-8.560324e-02
-9.422223e-01
-2.313058e-01
-6.113804e-02
-9.709582e-01
-1.364346e-01
-3.606196e-02
-9.899925e-01
-4.020011e-02
-1.062557e-02
-9.991352e-01
-9.348967e-02
-3.501989e-02
9.950042e-01
-1.860452e-01
-6.968987e-02
9.800666e-01
-2.767419e-01
-1.036635e-01
9.553365e-01
-3.646734e-01
-1.366014e-01
9.210610e-01
-4.489613e-01
-1.681744e-01
8.775826e-01
-5.287632e-01
-1.980671e-01
8.253356e-01
-6.032820e-01
-2.259808e-01
7.648422e-01
-6.717729e-01
-2.516365e-01
6.967067e-01
-7.335517e-01
-2.747779e-01
6.216100e-01
-7.880011e-01
-2.951739e-01
5.403023e-01
-8.345771e-01
-3.126206e-01
4.535961e-01
-8.728142e-01
-3.269437e-01
3.623578e-01
-9.023305e-01
-3.380001e-01
2.674988e-01
-9.228310e-01
-3.456792e-01
1.699671e-01
-9.341109e-01
-3.499045e-01
7.073720e-02
-9.360574e-01
-3.506337e-01
-2.919952e-02
-9.286511e-01
-3.478594e-01
-1.288445e-01
-9.119661e-01
-3.416094e-01
-2.272021e-01
-8.861690e-01
-3.319462e-01
-3.232896e-01
-8.515177e-01
-3.189663e-01
-4.161468e-01
-8.083582e-01
-3.027994e-01
-5.048461e-01
-7.571219e-01
-2.836070e-01
-5.885011e-01
-6.983206e-01
-2.615809e-01
-6.662760e-01
-6.325420e-01
-2.369412e-01
-7.373937e-01
-5.604432e-01
-2.099340e-01
-8.011436e-01
-4.827447e-01
-1.808292e-01
-8.568888e-01
-4.002227e-01
-1.499177e-01
-9.040721e-01
-3.137019e-01
-1.175082e-01
-9.422223e-01
-2.240466e-01
-8.392465e-02
-9.709582e-01
-1.321528e-01
-4.950253e-02
-9.899925e-01
-3.893849e-02
-1.458580e-02
-9.991352e-01
-8.952646e-02
-4.417833e-02
9.950042e-01
-1.781584e-01
-8.791524e-02
9.800666e-01
-2.650102e-01
-1.307737e-01
9.553365e-01
-3.492142e-01
-1.723256e-01
9.210610e-01
-4.299289e-01
-2.121556e-01
8.775826e-01
-5.063479e-01
-2.498658e-01
8.253356e-01
-5.777076e-01
-2.850795e-01
7.648422e-01
-6.432951e-01
-3.174447e-01
6.967067e-01
-7.024550e-01
-3.466382e-01
6.216100e-01
-7.545962e-01
-3.723681e-01
5.403023e-01
-7.991977e-01
-3.943775e-01
4.535961e-01
-8.358139e-01
-4.124463e-01
3.623578e-01
-8.640789e-01
-4.263942e-01
2.674988e-01
-8.837103e-01
-4.360817e-01
1.699671e-01
-8.945120e-01
-4.414119e-01
7.073720e-02
-8.963760e-01
-4.423318e-01
-2.919952e-02
-8.892838e-01
-4.388320e-01
-1.288445e-01
-8.733061e-01
-4.309475e-01
-2.272021e-01
-8.486026e-01
-4.187571e-01
-3.232896e-01
-8.154201e-01
-4.023827e-01
-4.161468e-01
-7.740903e-01
-3.819878e-01
-5.048461e-01
-7.250260e-01
-3.577762e-01
-5.885011e-01
-6.687174e-01
-3.299898e-01
-6.662760e-01
-6.057273e-01
-2.989063e-01
-7.373937e-01
-5.366849e-01
-2.648362e-01
-8.011436e-01
-4.622802e-01
-2.281199e-01
-8.568888e-01
-3.832565e-01
-1.891243e-01
-9.040721e-01
-3.004034e-01
-1.482391e-01
-9.422223e-01
-2.145488e-01
-1.058727e-01
-9.709582e-01
-1.265506e-01
-6.244849e-02
-9.899925e-01
-3.728781e-02
-1.840029e-02
-9.991352e-01
-8.466872e-02
-5.289535e-02
9.950042e-01
-1.684915e-01
-1.052622e-01
9.800666e-01
-2.506307e-01
-1.565773e-01
9.553365e-01
-3.302657e-01
-2.063279e-01
9.210610e-01
-4.066008e-01
-2.540170e-01
8.775826e-01
-4.788733e-01
-2.991680e-01
8.253356e-01
-5.463610e-01
-3.413298e-01
7.648422e-01
-6.083897e-01
-3.800812e-01
6.967067e-01
-6.643396e-01
-4.150349e-01
6.216100e-01
-7.136516e-01
-4.458417e-01
5.403023e-01
-7.558330e-01
-4.721939e-01
4.535961e-01
-7.904624e-01
-4.938280e-01
3.623578e-01
-8.171937e-01
-5.105280e-01
2.674988e-01
-8.357599e-01
-5.221269e-01
1.699671e-01
-8.459755e-01
-5.285089e-01
7.073720e-02
-8.477384e-01
-5.296102e-01
-2.919952e-02
-8.410310e-01
-5.254199e-01
-1.288445e-01
-8.259202e-01
-5.159797e-01
-2.272021e-01
-8.025571e-01
-5.013840e-01
-3.232896e-01
-7.711752e-01
-4.817786e-01
-4.161468e-01
-7.320879e-01
-4.573595e-01
-5.048461e-01
-6.856858e-01
-4.283706e-01
-5.885011e-01
-6.324326e-01
-3.951016e-01
-6.662760e-01
-5.728603e-01
-3.578848e-01
-7.373937e-01
-5.075642e-01
-3.170922e-01
-8.011436e-01
-4.371967e-01
-2.731313e-01
-8.568888e-01
-3.624609e-01
-2.264413e-01
-9.040721e-01
-2.841035e-01
-1.774888e-01
-9.422223e-01
-2.029074e-01
-1.267629e-01
-9.709582e-01
-1.196839e-01
-7.477048e-02
-9.899925e-01
-3.526456e-02
-2.203094e-02
-9.991352e-01
-7.896501e-02
-6.108386e-02
9.950042e-01
-1.571410e-01
-1.215574e-01
9.800666e-01
-2.337469e-01
-1.808164e-01
9.553365e-01
-3.080173e-01
-2.382687e-01
9.210610e-01
-3.792101e-01
-2.933403e-01
8.775826e-01
-4.466140e-01
-3.454810e-01
8.253356e-01
-5.095554e-01
-3.941697e-01
7.648422e-01
-5.674055e-01
-4.389200e-01
6.967067e-01
-6.195863e-01
-4.792848e-01
6.216100e-01
-6.655764e-01
-5.148607e-01
5.403023e-01
-7.049162e-01
-5.452923e-01
4.535961e-01
-7.372128e-01
-5.702755e-01
3.623578e-01
-7.621434e-01
-5.895607e-01
2.674988e-01
-7.794589e-01
-6.029552e-01
1.699671e-01
-7.889863e-01
-6.103252e-01
7.073720e-02
-7.906304e-01
-6.115970e-01
-2.919952e-02
-7.843748e-01
-6.067579e-01
-1.288445e-01
-7.702820e-01
-5.958564e-01
-2.272021e-01
-7.484928e-01
-5.790012e-01
-3.232896e-01
-7.192249e-01
-5.563608e-01
-4.161468e-01
-6.827707e-01
-5.281615e-01
-5.048461e-01
-6.394946e-01
-4.946849e-01
-5.885011e-01
-5.898287e-01
-4.562656e-01
-6.662760e-01
-5.342696e-01
-4.132875e-01
-7.373937e-01
-4.733721e-01
-3.661799e-01
-8.011436e-01
-4.077449e-01
-3.154136e-01
-8.568888e-01
-3.380437e-01
-2.614958e-01
-9.040721e-01
-2.649648e-01
-2.049651e-01
-9.422223e-01
-1.892385e-01
-1.463866e-01
-9.709582e-01
-1.116214e-01
-8.634539e-02
-9.899925e-01
-3.288896e-02
-2.544146e-02
-9.991352e-01
-7.247230e-02
-6.866205e-02
9.950042e-01
-1.442205e-01
-1.366380e-01
9.800666e-01
-2.145277e-01
-2.032488e-01
9.553365e-01
-2.826914e-01
-2.678288e-01
9.210610e-01
-3.480305e-01
-3.297327e-01
8.775826e-01
-4.098922e-01
-3.883420e-01
8.253356e-01
-4.676584e-01
-4.430711e-01
7.648422e-01
-5.207520e-01
-4.933732e-01
6.967067e-01
-5.686423e-01
-5.387457e-01
6.216100e-01
-6.108510e-01
-5.787353e-01
5.403023e-01
-6.469562e-01
-6.129423e-01
4.535961e-01
-6.765973e-01
-6.410249e-01
3.623578e-01
-6.994780e-01
-6.627027e-01
2.674988e-01
-7.153698e-01
-6.777590e-01
1.699671e-01
-7.241138e-01
-6.860433e-01
7.073720e-02
-7.256228e-01
-6.874729e-01
-2.919952e-02
-7.198815e-01
-6.820335e-01
-1.288445e-01
-7.069475e-01
-6.697794e-01
-2.272021e-01
-6.869498e-01
-6.508332e-01
-3.232896e-01
-6.600884e-01
-6.253840e-01
-4.161468e-01
-6.266316e-01
-5.936862e-01
-5.048461e-01
-5.869137e-01
-5.560565e-01
-5.885011e-01
-5.413315e-01
-5.128708e-01
-6.662760e-01
-4.903405e-01
-4.645607e-01
-7.373937e-01
-4.344503e-01
-4.116089e-01
-8.011436e-01
-3.742191e-01
-3.545444e-01
-8.568888e-01
-3.102489e-01
-2.939374e-01
-9.040721e-01
-2.431787e-01
-2.303935e-01
-9.422223e-01
-1.736788e-01
-1.645476e-01
-9.709582e-01
-1.024436e-01
-9.705757e-02
-9.899925e-01
-3.018475e-02
-2.859777e-02
-9.991352e-01
-6.525548e-02
-7.555418e-02
9.950042e-01
-1.298589e-01
-1.503534e-01
9.800666e-01
-1.931649e-01
-2.236504e-01
9.553365e-01
-2.545408e-01
-2.947128e-01
9.210610e-01
-3.133734e-01
-3.628304e-01
8.775826e-01
-3.690750e-01
-4.273228e-01
8.253356e-01
-4.210888e-01
-4.875456e-01
7.648422e-01
-4.688952e-01
-5.428969e-01
6.967067e-01
-5.120166e-01
-5.928238e-01
6.216100e-01
-5.500221e-01
-6.368273e-01
5.403023e-01
-5.825320e-01
-6.744680e-01
4.535961e-01
-6.092214e-01
-7.053695e-01
3.623578e-01
-6.298237e-01
-7.292232e-01
2.674988e-01
-6.441329e-01
-7.457908e-01
1.699671e-01
-6.520062e-01
-7.549067e-01
7.073720e-02
-6.533649e-01
-7.564798e-01
-2.919952e-02
-6.481954e-01
-7.504944e-01
-1.288445e-01
-6.365493e-01
-7.370103e-01
-2.272021e-01
-6.185430e-01
-7.161623e-01
-3.232896e-01
-5.943565e-01
-6.881586e-01
-4.161468e-01
-5.642313e-01
-6.532790e-01
-5.048461e-01
-5.284685e-01
-6.118721e-01
-5.885011e-01
-4.874255e-01
-5.643516e-01
-6.662760e-01
-4.415122e-01
-5.111922e-01
-7.373937e-01
-3.911875e-01
-4.529252e-01
-8.011436e-01
-3.369542e-01
-3.901327e-01
-8.568888e-01
-2.793541e-01
-3.234422e-01
-9.040721e-01
-2.189629e-01
-2.535199e-01
-9.422223e-01
-1.563838e-01
-1.810645e-01
-9.709582e-01
-9.224219e-02
-1.068000e-01
-9.899925e-01
-2.717893e-02
-3.146835e-02
-9.991352e-01
-5.738664e-02
-8.169140e-02
9.950042e-01
-1.141999e-01
-1.625666e-01
9.800666e-01
-1.698721e-01
-2.418174e-01
9.553365e-01
-2.238470e-01
-3.186521e-01
9.210610e-01
-2.755853e-01
-3.923029e-01
8.775826e-01
-3.245700e-01
-4.620340e-01
8.253356e-01
-3.703118e-01
-5.271486e-01
7.648422e-01
-4.123535e-01
-5.869961e-01
6.967067e-01
-4.502751e-01
-6.409785e-01
6.216100e-01
-4.836977e-01
-6.885564e-01
5.403023e-01
-5.122873e-01
-7.292546e-01
4.535961e-01
-5.357584e-01
-7.626663e-01
3.623578e-01
-5.538763e-01
-7.884576e-01
2.674988e-01
-5.664601e-01
-8.063710e-01
1.699671e-01
-5.733840e-01
-8.162273e-01
7.073720e-02
-5.745788e-01
-8.179282e-01
-2.919952e-02
-5.700327e-01
-8.114566e-01
-1.288445e-01
-5.597909e-01
-7.968772e-01
-2.272021e-01
-5.439560e-01
-7.743357e-01
-3.232896e-01
-5.226859e-01
-7.440573e-01
-4.161468e-01
-4.961934e-01
-7.063445e-01
-5.048461e-01
-4.647431e-01
-6.615741e-01
-5.885011e-01
-4.286492e-01
-6.101935e-01
-6.662760e-01
-3.882724e-01
-5.527161e-01
-7.373937e-01
-3.440161e-01
-4.897161e-01
-8.011436e-01
-2.963225e-01
-4.218230e-01
-8.568888e-01
-2.456682e-01
-3.497152e-01
-9.040721e-01
-1.925592e-01
-2.741131e-01
-9.422223e-01
-1.375262e-01
-1.957722e-01
-9.709582e-01
-8.111916e-02
-1.154753e-01
-9.899925e-01
-2.390156e-02
-3.402450e-02
-9.991352e-01
-4.894441e-02
-8.701239e-02
9.950042e-01
-9.739979e-02
-1.731554e-01
9.800666e-01
-1.448820e-01
-2.575683e-01
9.553365e-01
-1.909166e-01
-3.394076e-01
9.210610e-01
-2.350436e-01
-4.178557e-01
8.775826e-01
-2.768221e-01
-4.921287e-01
8.253356e-01
-3.158347e-01
-5.614845e-01
7.648422e-01
-3.516916e-01
-6.252302e-01
6.967067e-01
-3.840345e-01
-6.827288e-01
6.216100e-01
-4.125403e-01
-7.334057e-01
5.403023e-01
-4.369241e-01
-7.767547e-01
4.535961e-01
-4.569422e-01
-8.123427e-01
3.623578e-01
-4.723948e-01
-8.398140e-01
2.674988e-01
-4.831274e-01
-8.588941e-01
1.699671e-01
-4.890327e-01
-8.693925e-01
7.073720e-02
-4.900518e-01
-8.712041e-01
-2.919952e-02
-4.861744e-01
-8.643110e-01
-1.288445e-01
-4.774393e-01
-8.487820e-01
-2.272021e-01
-4.639339e-01
-8.247722e-01
-3.232896e-01
-4.457929e-01
-7.925216e-01
-4.161468e-01
-4.231977e-01
-7.523524e-01
-5.048461e-01
-3.963741e-01
-7.046659e-01
-5.885011e-01
-3.655900e-01
-6.499386e-01
-6.662760e-01
-3.311531e-01
-5.887173e-01
-7.373937e-01
-2.934074e-01
-5.216138e-01
-8.011436e-01
-2.527301e-01
-4.492985e-01
-8.568888e-01
-2.095276e-01
-3.724939e-01
-9.040721e-01
-1.642316e-01
-2.919676e-01
-9.422223e-01
-1.172946e-01
-2.085239e-01
-9.709582e-01
-6.918561e-02
-1.229968e-01
-9.899925e-01
-2.038537e-02
-3.624070e-02
-9.991352e-01
-4.001315e-02
-9.146398e-02
9.950042e-01
-7.962650e-02
-1.820141e-01
9.800666e-01
-1.184443e-01
-2.707455e-01
9.553365e-01
-1.560785e-01
-3.567718e-01
9.210610e-01
-1.921534e-01
-4.392333e-01
8.775826e-01
-2.263082e-01
-5.173062e-01
8.253356e-01
-2.582019e-01
-5.902103e-01
7.648422e-01
-2.875157e-01
-6.572172e-01
6.967067e-01
-3.139568e-01
-7.176574e-01
6.216100e-01
-3.372609e-01
-7.709271e-01
5.403023e-01
-3.571952e-01
-8.164938e-01
4.535961e-01
-3.735605e-01
-8.539025e-01
3.623578e-01
-3.861933e-01
-8.827792e-01
2.674988e-01
-3.949674e-01
-9.028355e-01
1.699671e-01
-3.997952e-01
-9.138709e-01
7.073720e-02
-4.006283e-01
-9.157753e-01
-2.919952e-02
-3.974584e-01
-9.085295e-01
-1.288445e-01
-3.903173e-01
-8.922060e-01
-2.272021e-01
-3.792763e-01
-8.669679e-01
-3.232896e-01
-3.644457e-01
-8.330673e-01
-4.161468e-01
-3.459736e-01
-7.908430e-01
-5.048461e-01
-3.240447e-01
-7.407169e-01
-5.885011e-01
-2.988780e-01
-6.831897e-01
-6.662760e-01
-2.707251e-01
-6.188364e-01
-7.373937e-01
-2.398671e-01
-5.482998e-01
-8.011436e-01
-2.066125e-01
-4.722848e-01
-8.568888e-01
-1.712935e-01
-3.915509e-01
-9.040721e-01
-1.342630e-01
-3.069047e-01
-9.422223e-01
-9.589093e-02
-2.191921e-01
-9.709582e-01
-5.656078e-02
-1.292893e-01
-9.899925e-01
-1.666550e-02
-3.809479e-02
-9.991352e-01
-3.068209e-02
-9.500169e-02
9.950042e-01
-6.105762e-02
-1.890541e-01
9.800666e-01
-9.082307e-02
-2.812176e-01
9.553365e-01
-1.196811e-01
-3.705713e-01
9.210610e-01
-1.473432e-01
-4.562223e-01
8.775826e-01
-1.735332e-01
-5.373149e-01
8.253356e-01
-1.979893e-01
-6.130389e-01
7.648422e-01
-2.204671e-01
-6.826375e-01
6.967067e-01
-2.407421e-01
-7.454155e-01
6.216100e-01
-2.586117e-01
-8.007455e-01
5.403023e-01
-2.738973e-01
-8.480748e-01
4.535961e-01
-2.864462e-01
-8.869303e-01
3.623578e-01
-2.961331e-01
-9.169240e-01
2.674988e-01
-3.028611e-01
-9.377560e-01
1.699671e-01
-3.065630e-01
-9.492183e-01
7.073720e-02
-3.072018e-01
-9.511963e-01
-2.919952e-02
-3.047712e-01
-9.436703e-01
-1.288445e-01
-2.992954e-01
-9.267154e-01
-2.272021e-01
-2.908291e-01
-9.005011e-01
-3.232896e-01
-2.794570e-01
-8.652893e-01
-4.161468e-01
-2.652926e-01
-8.214318e-01
-5.048461e-01
-2.484775e-01
-7.693669e-01
-5.885011e-01
-2.291797e-01
-7.096146e-01
-6.662760e-01
-2.075920e-01
-6.427722e-01
-7.373937e-01
-1.839302e-01
-5.695073e-01
-8.011436e-01
-1.584305e-01
-4.905522e-01
-8.568888e-01
-1.313479e-01
-4.066956e-01
-9.040721e-01
-1.029529e-01
-3.187754e-01
-9.422223e-01
-7.352918e-02
-2.276702e-01
-9.709582e-01
-4.337082e-02
-1.342901e-01
-9.899925e-01
-1.277910e-02
-3.956824e-02
-9.991352e-01
-2.104446e-02
-9.759017e-02
9.950042e-01
-4.187866e-02
-1.942053e-01
9.800666e-01
-6.229442e-02
-2.888799e-01
9.553365e-01
-8.208775e-02
-3.806682e-01
9.210610e-01
-1.010609e-01
-4.686529e-01
8.775826e-01
-1.190243e-01
-5.519550e-01
8.253356e-01
-1.357984e-01
-6.297422e-01
7.648422e-01
-1.512157e-01
-7.012372e-01
6.967067e-01
-1.651220e-01
-7.657256e-01
6.216100e-01
-1.773785e-01
-8.225632e-01
5.403023e-01
-1.878628e-01
-8.711820e-01
4.535961e-01
-1.964699e-01
-9.110963e-01
3.623578e-01
-2.031140e-01
-9.419071e-01
2.674988e-01
-2.077287e-01
-9.633068e-01
1.699671e-01
-2.102678e-01
-9.750814e-01
7.073720e-02
-2.107059e-01
-9.771133e-01
-2.919952e-02
-2.090388e-01
-9.693822e-01
-1.288445e-01
-2.052830e-01
-9.519654e-01
-2.272021e-01
-1.994761e-01
-9.250368e-01
-3.232896e-01
-1.916761e-01
-8.888656e-01
-4.161468e-01
-1.819609e-01
-8.438132e-01
-5.048461e-01
-1.704276e-01
-7.903296e-01
-5.885011e-01
-1.571915e-01
-7.289493e-01
-6.662760e-01
-1.423848e-01
-6.602856e-01
-7.373937e-01
-1.261554e-01
-5.850245e-01
-8.011436e-01
-1.086655e-01
-5.039181e-01
-8.568888e-01
-9.008988e-02
-4.177767e-01
-9.040721e-01
-7.061409e-02
-3.274610e-01
-9.422223e-01
-5.043275e-02
-2.338734e-01
-9.709582e-01
-2.974750e-02
-1.379491e-01
-9.899925e-01
-8.765029e-03
-4.064635e-02
-9.991352e-01
-1.119657e-02
-9.920357e-02
9.950042e-01
-2.228127e-02
-1.974159e-01
9.800666e-01
-3.314334e-02
-2.936558e-01
9.553365e-01
-4.367425e-02
-3.869615e-01
9.210610e-01
-5.376879e-02
-4.764008e-01
8.775826e-01
-6.332608e-02
-5.610801e-01
8.253356e-01
-7.225064e-02
-6.401533e-01
7.648422e-01
-8.045330e-02
-7.128303e-01
6.967067e-01
-8.785209e-02
-7.783849e-01
6.216100e-01
-9.437310e-02
-8.361621e-01
5.403023e-01
-9.995116e-02
-8.855847e-01
4.535961e-01
-1.045305e-01
-9.261589e-01
3.623578e-01
-1.080655e-01
-9.574791e-01
2.674988e-01
-1.105207e-01
-9.792325e-01
1.699671e-01
-1.118716e-01
-9.912018e-01
7.073720e-02
-1.121047e-01
-9.932673e-01
-2.919952e-02
-1.112177e-01
-9.854084e-01
-1.288445e-01
-1.092195e-01
-9.677036e-01
-2.272021e-01
-1.061299e-01
-9.403299e-01
-3.232896e-01
-1.019800e-01
-9.035607e-01
-4.161468e-01
-9.681111e-02
-8.577634e-01
-5.048461e-01
-9.067491e-02
-8.033956e-01
-5.885011e-01
-8.363272e-02
-7.410006e-01
-6.662760e-01
-7.575490e-02
-6.712017e-01
-7.373937e-01
-6.712016e-02
-5.946964e-01
-8.011436e-01
-5.781478e-02
-5.122491e-01
-8.568888e-01
-4.793173e-02
-4.246835e-01
-9.040721e-01
-3.756977e-02
-3.328747e-01
-9.422223e-01
-2.683242e-02
-2.377399e-01
-9.709582e-01
-1.582697e-02
-1.402297e-01
-9.899925e-01
-1.236803e-03
-9.982576e-02
9.950042e-01
-2.461247e-03
-1.986541e-01
9.800666e-01
-3.661100e-03
-2.954975e-01
9.553365e-01
-4.824373e-03
-3.893885e-01
9.210610e-01
-5.939442e-03
-4.793887e-01
8.775826e-01
-6.995166e-03
-5.645991e-01
8.253356e-01
-7.980996e-03
-6.441682e-01
7.648422e-01
-8.887083e-03
-7.173010e-01
6.967067e-01
-9.704373e-03
-7.832668e-01
6.216100e-01
-1.042470e-02
-8.414064e-01
5.403023e-01
-1.104087e-02
-8.911390e-01
4.535961e-01
-1.154672e-02
-9.319676e-01
3.623578e-01
-1.193720e-02
-9.634842e-01
2.674988e-01
-1.220841e-02
-9.853741e-01
1.699671e-01
-1.235763e-02
-9.974184e-01
7.073720e-02
-1.238338e-02
-9.994969e-01
-2.919952e-02
-1.228540e-02
-9.915887e-01
-1.288445e-01
-1.206467e-02
-9.737729e-01
-2.272021e-01
-1.172339e-02
-9.462275e-01
-3.232896e-01
-1.126498e-02
-9.092276e-01
-4.161468e-01
-1.069401e-02
-8.631431e-01
-5.048461e-01
-1.001619e-02
-8.084344e-01
-5.885011e-01
-9.238291e-03
-7.456480e-01
-6.662760e-01
-8.368086e-03
-6.754113e-01
-7.373937e-01
-7.414270e-03
-5.984262e-01
-8.011436e-01
-6.386373e-03
-5.154618e-01
-8.568888e-01
-5.294666e-03
-4.273471e-01
-9.040721e-01
-4.150055e-03
-3.349624e-01
-9.422223e-01
-2.963979e-03
-2.392310e-01
-9.709582e-01
-1.748288e-03
-1.411092e-01
-9.899925e-01
-5.151288e-04
-4.157747e-02
-9.991352e-01
8.735322e-03
-9.945052e-02
9.950042e-01
1.738336e-02
-1.979074e-01
9.800666e-01
2.585772e-02
-2.943868e-01
9.553365e-01
3.407371e-02
-3.879248e-01
9.210610e-01
4.194925e-02
-4.775868e-01
8.775826e-01
4.940564e-02
-5.624768e-01
8.253356e-01
5.636839e-02
-6.417469e-01
7.648422e-01
6.276793e-02
-7.146047e-01
6.967067e-01
6.854031e-02
-7.803225e-01
6.216100e-01
7.362786e-02
-8.382436e-01
5.403023e-01
7.797974e-02
-8.877892e-01
4.535961e-01
8.155247e-02
-9.284644e-01
3.623578e-01
8.431036e-02
-9.598626e-01
2.674988e-01
8.622585e-02
-9.816701e-01
1.699671e-01
8.727980e-02
-9.936692e-01
7.073720e-02
8.746167e-02
-9.957398e-01
-2.919952e-02
8.676966e-02
-9.878614e-01
-1.288445e-01
8.521068e-02
-9.701125e-01
-2.272021e-01
8.280030e-02
-9.426707e-01
-3.232896e-01
7.956260e-02
-9.058099e-01
-4.161468e-01
7.552994e-02
-8.598986e-01
-5.048461e-01
7.074261e-02
-8.053955e-01
-5.885011e-01
6.524845e-02
-7.428451e-01
-6.662760e-01
5.910234e-02
-6.728725e-01
-7.373937e-01
5.236570e-02
-5.961768e-01
-8.011436e-01
4.510585e-02
-5.135242e-01
-8.568888e-01
3.739531e-02
-4.257407e-01
-9.040721e-01
2.931112e-02
-3.337033e-01
-9.422223e-01
2.093407e-02
-2.383317e-01
-9.709582e-01
1.234786e-02
-1.405788e-01
-9.899925e-01
3.638266e-03
-4.142118e-02
-9.991352e-01
1.862017e-02
-9.808160e-02
9.950042e-01
3.705429e-02
-1.951832e-01
9.800666e-01
5.511817e-02
-2.903346e-01
9.553365e-01
7.263134e-02
-3.825851e-01
9.210610e-01
8.941879e-02
-4.710129e-01
8.775826e-01
1.053128e-01
-5.547345e-01
8.253356e-01
1.201546e-01
-6.329133e-01
7.648422e-01
1.337958e-01
-7.047684e-01
6.967067e-01
1.461002e-01
-7.695816e-01
6.216100e-01
1.569447e-01
-8.267054e-01
5.403023e-01
1.662212e-01
-8.755690e-01
4.535961e-01
1.738368e-01
-9.156842e-01
3.623578e-01
1.797155e-01
-9.466503e-01
2.674988e-01
1.837986e-01
-9.681577e-01
1.699671e-01
1.860452e-01
-9.799916e-01
7.073720e-02
1.864328e-01
-9.820337e-01
-2.919952e-02
1.849578e-01
-9.742637e-01
-1.288445e-01
1.816346e-01
-9.567591e-01
-2.272021e-01
1.764967e-01
-9.296950e-01
-3.232896e-01
1.695952e-01
-8.933416e-01
-4.161468e-01
1.609992e-01
-8.480623e-01
-5.048461e-01
1.507946e-01
-7.943094e-01
-5.885011e-01
1.390832e-01
-7.326200e-01
-6.662760e-01
1.259822e-01
-6.636106e-01
-7.373937e-01
1.116225e-01
-5.879705e-01
-8.011436e-01
9.614738e-02
-5.064557e-01
-8.568888e-01
7.971163e-02
-4.198805e-01
-9.040721e-01
6.247943e-02
-3.291100e-01
-9.422223e-01
4.462296e-02
-2.350511e-01
-9.709582e-01
2.632063e-02
-1.386437e-01
-9.899925e-01
2.831897e-02
-9.573269e-02
9.950042e-01
5.635498e-02
-1.905088e-01
9.800666e-01
8.382791e-02
-2.833815e-01
9.553365e-01
1.104633e-01
-3.734227e-01
9.210610e-01
1.359949e-01
-4.597328e-01
8.775826e-01
1.601677e-01
-5.414494e-01
8.253356e-01
1.827402e-01
-6.177560e-01
7.648422e-01
2.034868e-01
-6.878902e-01
6.967067e-01
2.222002e-01
-7.511512e-01
6.216100e-01
2.386935e-01
-8.069070e-01
5.403023e-01
2.528018e-01
-8.546004e-01
4.535961e-01
2.643842e-01
-8.937549e-01
3.623578e-01
2.733250e-01
-9.239793e-01
2.674988e-01
2.795348e-01
-9.449717e-01
1.699671e-01
2.829516e-01
-9.565222e-01
7.073720e-02
2.835412e-01
-9.585154e-01
-2.919952e-02
2.812978e-01
-9.509315e-01
-1.288445e-01
2.762437e-01
-9.338461e-01
-2.272021e-01
2.684296e-01
-9.074301e-01
-3.232896e-01
2.579333e-01
-8.719474e-01
-4.161468e-01
2.448599e-01
-8.277524e-01
-5.048461e-01
2.293399e-01
-7.752868e-01
-5.885011e-01
2.115284e-01
-7.150748e-01
-6.662760e-01
1.916034e-01
-6.477180e-01
-7.373937e-01
1.697639e-01
-5.738895e-01
-8.011436e-01
1.462282e-01
-4.943268e-01
-8.568888e-01
1.212315e-01
-4.098249e-01
-9.040721e-01
9.502347e-02
-3.212283e-01
-9.422223e-01
6.786599e-02
-2.294220e-01
-9.709582e-01
4.003041e-02
-1.353234e-01
-9.899925e-01
1.179486e-02
-3.987271e-02
-9.991352e-01
3.773481e-02
-9.242724e-02
9.950042e-01
7.509259e-02
-1.839310e-01
9.800666e-01
1.117001e-01
-2.735969e-01
9.553365e-01
1.471915e-01
-3.605292e-01
9.210610e-01
1.812122e-01
-4.438592e-01
8.775826e-01
2.134223e-01
-5.227543e-01
8.253356e-01
2.434999e-01
-5.964262e-01
7.648422e-01
2.711446e-01
-6.641388e-01
6.967067e-01
2.960801e-01
-7.252156e-01
6.216100e-01
3.180573e-01
-7.790462e-01
5.403023e-01
3.368565e-01
-8.250929e-01
4.535961e-01
3.522900e-01
-8.628955e-01
3.623578e-01
3.642035e-01
-8.920763e-01
2.674988e-01
3.724781e-01
-9.123438e-01
1.699671e-01
3.770309e-01
-9.234955e-01
7.073720e-02
3.778166e-01
-9.254199e-01
-2.919952e-02
3.748272e-01
-9.180978e-01
-1.288445e-01
3.680927e-01
-9.016024e-01
-2.272021e-01
3.576804e-01
-8.760985e-01
-3.232896e-01
3.436942e-01
-8.418409e-01
-4.161468e-01
3.262739e-01
-7.991719e-01
-5.048461e-01
3.055936e-01
-7.485178e-01
-5.885011e-01
2.818600e-01
-6.903848e-01
-6.662760e-01
2.553100e-01
-6.253537e-01
-7.373937e-01
2.262092e-01
-5.540743e-01
-8.011436e-01
1.948480e-01
-4.772587e-01
-8.568888e-01
1.615401e-01
-3.956746e-01
-9.040721e-01
1.266181e-01
-3.101369e-01
-9.422223e-01
9.043092e-02
-2.215005e-01
-9.709582e-01
5.334022e-02
-1.306510e-01
-9.899925e-01
1.571656e-02
-3.849599e-02
-9.991352e-01
4.677362e-02
-8.819830e-02
9.950042e-01
9.307989e-02
-1.755153e-01
9.800666e-01
1.384561e-01
-2.610787e-01
9.553365e-01
1.824490e-01
-3.440334e-01
9.210610e-01
2.246189e-01
-4.235507e-01
8.775826e-01
2.645444e-01
-4.988360e-01
8.253356e-01
3.018267e-01
-5.691371e-01
7.648422e-01
3.360933e-01
-6.337516e-01
6.967067e-01
3.670017e-01
-6.920338e-01
6.216100e-01
3.942432e-01
-7.434015e-01
5.403023e-01
4.175455e-01
-7.873413e-01
4.535961e-01
4.366759e-01
-8.234143e-01
3.623578e-01
4.514431e-01
-8.512600e-01
2.674988e-01
4.616996e-01
-8.706002e-01
1.699671e-01
4.673430e-01
-8.812416e-01
7.073720e-02
4.683169e-01
-8.830780e-01
-2.919952e-02
4.646115e-01
-8.760909e-01
-1.288445e-01
4.562639e-01
-8.603502e-01
-2.272021e-01
4.433574e-01
-8.360132e-01
-3.232896e-01
4.260210e-01
-8.033230e-01
-4.161468e-01
4.044280e-01
-7.626063e-01
-5.048461e-01
3.787940e-01
-7.142699e-01
-5.885011e-01
3.493753e-01
-6.587967e-01
-6.662760e-01
3.164658e-01
-5.967411e-01
-7.373937e-01
2.803942e-01
-5.287230e-01
-8.011436e-01
2.415210e-01
-4.554221e-01
-8.568888e-01
2.002346e-01
-3.775707e-01
-9.040721e-01
1.569475e-01
-2.959468e-01
-9.422223e-01
1.120923e-01
-2.113659e-01
-9.709582e-01
6.611708e-02
-1.246731e-01
-9.899925e-01
1.948123e-02
-3.673463e-02
-9.991352e-01
5.534508e-02
-8.308810e-02
9.950042e-01
1.101372e-01
-1.653460e-01
9.800666e-01
1.638288e-01
-2.459518e-01
9.553365e-01
2.158835e-01
-3.241002e-01
9.210610e-01
2.657812e-01
-3.990103e-01
8.775826e-01
3.130233e-01
-4.699335e-01
8.253356e-01
3.571378e-01
-5.361614e-01
7.648422e-01
3.976838e-01
-5.970321e-01
6.967067e-01
4.342563e-01
-6.519375e-01
6.216100e-01
4.664899e-01
-7.003289e-01
5.403023e-01
4.940625e-01
-7.417229e-01
4.535961e-01
5.166985e-01
-7.757058e-01
3.623578e-01
5.341719e-01
-8.019381e-01
2.674988e-01
5.463080e-01
-8.201577e-01
1.699671e-01
5.529856e-01
-8.301826e-01
7.073720e-02
5.541380e-01
-8.319126e-01
-2.919952e-02
5.497535e-01
-8.253303e-01
-1.288445e-01
5.398761e-01
-8.105017e-01
-2.272021e-01
5.246045e-01
-7.875748e-01
-3.232896e-01
5.040912e-01
-7.567786e-01
-4.161468e-01
4.785411e-01
-7.184211e-01
-5.048461e-01
4.482097e-01
-6.728852e-01
-5.885011e-01
4.133998e-01
-6.206262e-01
-6.662760e-01
3.744595e-01
-5.621660e-01
-7.373937e-01
3.317776e-01
-4.980889e-01
-8.011436e-01
2.857807e-01
-4.290350e-01
-8.568888e-01
2.369284e-01
-3.556944e-01
-9.040721e-01
1.857088e-01
-2.787997e-01
-9.422223e-01
1.326337e-01
-1.991194e-01
-9.709582e-01
7.823331e-02
-1.174496e-01
-9.899925e-01
2.305125e-02
-3.460623e-02
-9.991352e-01
6.336356e-02
-7.714772e-02
9.950042e-01
1.260940e-01
-1.535246e-01
9.800666e-01
1.875646e-01
-2.283675e-01
9.553365e-01
2.471610e-01
-3.009287e-01
9.210610e-01
3.042880e-01
-3.704830e-01
8.775826e-01
3.583746e-01
-4.363357e-01
8.253356e-01
4.088804e-01
-4.978286e-01
7.648422e-01
4.553008e-01
-5.543473e-01
6.967067e-01
4.971720e-01
-6.053272e-01
6.216100e-01
5.340756e-01
-6.502589e-01
5.403023e-01
5.656430e-01
-6.886934e-01
4.535961e-01
5.915586e-01
-7.202467e-01
3.623578e-01
6.115635e-01
-7.446035e-01
2.674988e-01
6.254579e-01
-7.615206e-01
1.699671e-01
6.331030e-01
-7.708287e-01
7.073720e-02
6.344222e-01
-7.724350e-01
-2.919952e-02
6.294026e-01
-7.663233e-01
-1.288445e-01
6.180942e-01
-7.525549e-01
-2.272021e-01
6.006099e-01
-7.312671e-01
-3.232896e-01
5.771246e-01
-7.026728e-01
-4.161468e-01
5.478728e-01
-6.670575e-01
-5.048461e-01
5.131469e-01
-6.247773e-01
-5.885011e-01
4.732938e-01
-5.762545e-01
-6.662760e-01
4.287117e-01
-5.219740e-01
-7.373937e-01
3.798460e-01
-4.624780e-01
-8.011436e-01
3.271850e-01
-3.983612e-01
-8.568888e-01
2.712550e-01
-3.302640e-01
-9.040721e-01
2.126146e-01
-2.588669e-01
-9.422223e-01
1.518498e-01
-1.848834e-01
-9.709582e-01
8.956786e-02
-1.090525e-01
-9.899925e-01
7.074892e-02
-7.043650e-02
9.950042e-01
1.407909e-01
-1.401692e-01
9.800666e-01
2.094262e-01
-2.085014e-01
9.553365e-01
2.759690e-01
-2.747503e-01
9.210610e-01
3.397544e-01
-3.382541e-01
8.775826e-01
4.001451e-01
-3.983780e-01
8.253356e-01
4.565376e-01
-4.545216e-01
7.648422e-01
5.083686e-01
-5.061236e-01
6.967067e-01
5.551201e-01
-5.526687e-01
6.216100e-01
5.963251e-01
-5.936917e-01
5.403023e-01
6.315717e-01
-6.287827e-01
4.535961e-01
6.605079e-01
-6.575912e-01
3.623578e-01
6.828446e-01
-6.798292e-01
2.674988e-01
6.983584e-01
-6.952745e-01
1.699671e-01
7.068945e-01
-7.037729e-01
7.073720e-02
7.083676e-01
-7.052395e-01
-2.919952e-02
7.027629e-01
-6.996595e-01
-1.288445e-01
6.901364e-01
-6.870888e-01
-2.272021e-01
6.706143e-01
-6.676529e-01
-3.232896e-01
6.443916e-01
-6.415460e-01
-4.161468e-01
6.117304e-01
-6.090290e-01
-5.048461e-01
5.729570e-01
-5.704268e-01
-5.885011e-01
5.284587e-01
-5.261251e-01
-6.662760e-01
4.786803e-01
-4.765665e-01
-7.373937e-01
4.241191e-01
-4.222462e-01
-8.011436e-01
3.653202e-01
-3.637070e-01
-8.568888e-01
3.028712e-01
-3.015337e-01
-9.040721e-01
2.373960e-01
-2.363476e-01
-9.422223e-01
1.695488e-01
-1.688000e-01
-9.709582e-01
1.000075e-01
-9.956586e-02
-9.899925e-01
2.946696e-02
-2.933683e-02
-9.991352e-01
7.742739e-02
-6.302151e-02
9.950042e-01
1.540812e-01
-1.254133e-01
9.800666e-01
2.291954e-01
-1.865520e-01
9.553365e-01
3.020196e-01
-2.458268e-01
9.210610e-01
3.718261e-01
-3.026453e-01
8.775826e-01
4.379174e-01
-3.564400e-01
8.253356e-01
4.996333e-01
-4.066731e-01
7.648422e-01
5.563569e-01
-4.528430e-01
6.967067e-01
6.075216e-01
-4.944881e-01
6.216100e-01
6.526162e-01
-5.311926e-01
5.403023e-01
6.911900e-01
-5.625895e-01
4.535961e-01
7.228577e-01
-5.883652e-01
3.623578e-01
7.473029e-01
-6.082621e-01
2.674988e-01
7.642812e-01
-6.220815e-01
1.699671e-01
7.736231e-01
-6.296853e-01
7.073720e-02
7.752352e-01
-6.309975e-01
-2.919952e-02
7.691014e-01
-6.260049e-01
-1.288445e-01
7.552830e-01
-6.147575e-01
-2.272021e-01
7.339181e-01
-5.973677e-01
-3.232896e-01
7.052201e-01
-5.740091e-01
-4.161468e-01
6.694757e-01
-5.449153e-01
-5.048461e-01
6.270422e-01
-5.103768e-01
-5.885011e-01
5.783435e-01
-4.707388e-01
-6.662760e-01
5.238662e-01
-4.263974e-01
-7.373937e-01
4.641546e-01
-3.777955e-01
-8.011436e-01
3.998053e-01
-3.254188e-01
-8.568888e-01
3.314613e-01
-2.697907e-01
-9.040721e-01
2.598054e-01
-2.114668e-01
-9.422223e-01
1.855536e-01
-1.510301e-01
-9.709582e-01
1.094479e-01
-8.908435e-02
-9.899925e-01
8.333223e-02
-5.497682e-02
9.950042e-01
1.658318e-01
-1.094043e-01
9.800666e-01
2.466745e-01
-1.627387e-01
9.553365e-01
3.250525e-01
-2.144471e-01
9.210610e-01
4.001826e-01
-2.640127e-01
8.775826e-01
4.713143e-01
-3.109404e-01
8.253356e-01
5.377367e-01
-3.547614e-01
7.648422e-01
5.987863e-01
-3.950376e-01
6.967067e-01
6.538530e-01
-4.313668e-01
6.216100e-01
7.023866e-01
-4.633859e-01
5.403023e-01
7.439022e-01
-4.907750e-01
4.535961e-01
7.779849e-01
-5.132604e-01
3.623578e-01
8.042943e-01
-5.306176e-01
2.674988e-01
8.225675e-01
-5.426729e-01
1.699671e-01
8.326218e-01
-5.493061e-01
7.073720e-02
8.343569e-01
-5.504507e-01
-2.919952e-02
8.277553e-01
-5.460955e-01
-1.288445e-01
8.128831e-01
-5.362838e-01
-2.272021e-01
7.898888e-01
-5.211138e-01
-3.232896e-01
7.590022e-01
-5.007369e-01
-4.161468e-01
7.205319e-01
-4.753569e-01
-5.048461e-01
6.748623e-01
-4.452273e-01
-5.885011e-01
6.224497e-01
-4.106491e-01
-6.662760e-01
5.638178e-01
-3.719678e-01
-7.373937e-01
4.995524e-01
-3.295700e-01
-8.011436e-01
4.302956e-01
-2.838792e-01
-8.568888e-01
3.567395e-01
-2.353519e-01
-9.040721e-01
2.796189e-01
-1.844731e-01
-9.422223e-01
1.997045e-01
-1.317511e-01
-9.709582e-01
1.177947e-01
-7.771275e-02
-9.899925e-01
8.840444e-02
-4.638282e-02
9.950042e-01
1.759256e-01
-9.230220e-02
9.800666e-01
2.616889e-01
-1.372993e-01
9.553365e-01
3.448375e-01
-1.809246e-01
9.210610e-01
4.245407e-01
-2.227422e-01
8.775826e-01
5.000019e-01
-2.623341e-01
8.253356e-01
5.704673e-01
-2.993049e-01
7.648422e-01
6.352328e-01
-3.332852e-01
6.967067e-01
6.936513e-01
-3.639354e-01
6.216100e-01
7.451390e-01
-3.909493e-01
5.403023e-01
7.891815e-01
-4.140569e-01
4.535961e-01
8.253388e-01
-4.330274e-01
3.623578e-01
8.532496e-01
-4.476712e-01
2.674988e-01
8.726350e-01
-4.578421e-01
1.699671e-01
8.833013e-01
-4.634383e-01
7.073720e-02
8.851419e-01
-4.644041e-01
-2.919952e-02
8.781385e-01
-4.607296e-01
-1.288445e-01
8.623611e-01
-4.524517e-01
-2.272021e-01
8.379672e-01
-4.396531e-01
-3.232896e-01
8.052006e-01
-4.224616e-01
-4.161468e-01
7.643887e-01
-4.010490e-01
-5.048461e-01
7.159393e-01
-3.756292e-01
-5.885011e-01
6.603365e-01
-3.464563e-01
-6.662760e-01
5.981358e-01
-3.138217e-01
-7.373937e-01
5.299588e-01
-2.780515e-01
-8.011436e-01
4.564865e-01
-2.395031e-01
-8.568888e-01
3.784532e-01
-1.985616e-01
-9.040721e-01
2.966385e-01
-1.556362e-01
-9.422223e-01
2.118600e-01
-1.111558e-01
-9.709582e-01
1.249645e-01
-6.556466e-02
-9.899925e-01
9.259334e-02
-3.732538e-02
9.950042e-01
1.842615e-01
-7.427783e-02
9.800666e-01
2.740886e-01
-1.104881e-01
9.553365e-01
3.611771e-01
-1.455944e-01
9.210610e-01
4.446568e-01
-1.792460e-01
8.775826e-01
5.236937e-01
-2.111066e-01
8.253356e-01
5.974980e-01
-2.408580e-01
7.648422e-01
6.653323e-01
-2.682027e-01
6.967067e-01
7.265188e-01
-2.928677e-01
6.216100e-01
7.804462e-01
-3.146064e-01
5.403023e-01
8.265756e-01
-3.332016e-01
4.535961e-01
8.644461e-01
-3.484677e-01
3.623578e-01
8.936794e-01
-3.602519e-01
2.674988e-01
9.139834e-01
-3.684367e-01
1.699671e-01
9.251551e-01
-3.729401e-01
7.073720e-02
9.270830e-01
-3.737172e-01
-2.919952e-02
9.197477e-01
-3.707603e-01
-1.288445e-01
9.032227e-01
-3.640989e-01
-2.272021e-01
8.776729e-01
-3.537995e-01
-3.232896e-01
8.433538e-01
-3.399651e-01
-4.161468e-01
8.006081e-01
-3.227338e-01
-5.048461e-01
7.498630e-01
-3.022779e-01
-5.885011e-01
6.916255e-01
-2.788018e-01
-6.662760e-01
6.264775e-01
-2.525399e-01
-7.373937e-01
5.550700e-01
-2.237548e-01
-8.011436e-01
4.781164e-01
-1.927339e-01
-8.568888e-01
3.963856e-01
-1.597874e-01
-9.040721e-01
3.106943e-01
-1.252443e-01
-9.422223e-01
2.218986e-01
-8.944974e-02
-9.709582e-01
1.308858e-01
-5.276148e-02
-9.899925e-01
3.856517e-02
-1.554604e-02
-9.991352e-01
9.585708e-02
-2.789500e-02
9.950042e-01
1.907564e-01
-5.551129e-02
9.800666e-01
2.837497e-01
-8.257293e-02
9.553365e-01
3.739079e-01
-1.088095e-01
9.210610e-01
4.603302e-01
-1.339589e-01
8.775826e-01
5.421529e-01
-1.577699e-01
8.253356e-01
6.185587e-01
-1.800044e-01
7.648422e-01
6.887840e-01
-2.004404e-01
6.967067e-01
7.521272e-01
-2.188737e-01
6.216100e-01
8.079554e-01
-2.351200e-01
5.403023e-01
8.557108e-01
-2.490171e-01
4.535961e-01
8.949162e-01
-2.604262e-01
3.623578e-01
9.251799e-01
-2.692331e-01
2.674988e-01
9.461995e-01
-2.753499e-01
1.699671e-01
9.577650e-01
-2.787156e-01
7.073720e-02
9.597609e-01
-2.792964e-01
-2.919952e-02
9.521671e-01
-2.770865e-01
-1.288445e-01
9.350596e-01
-2.721081e-01
-2.272021e-01
9.086092e-01
-2.644109e-01
-3.232896e-01
8.730804e-01
-2.540718e-01
-4.161468e-01
8.288280e-01
-2.411941e-01
-5.048461e-01
7.762942e-01
-2.259064e-01
-5.885011e-01
7.160040e-01
-2.083616e-01
-6.662760e-01
6.485597e-01
-1.887349e-01
-7.373937e-01
5.746352e-01
-1.672224e-01
-8.011436e-01
4.949691e-01
-1.440391e-01
-8.568888e-01
4.103575e-01
-1.194166e-01
-9.040721e-01
3.216457e-01
-9.360088e-02
-9.422223e-01
2.297201e-01
-6.684997e-02
-9.709582e-01
1.354992e-01
-3.943112e-02
-9.899925e-01
3.992452e-02
-1.161828e-02
-9.991352e-01
9.816305e-02
-1.818591e-02
9.950042e-01
1.953453e-01
-3.619010e-02
9.800666e-01
2.905757e-01
-5.383270e-02
9.553365e-01
3.829028e-01
-7.093742e-02
9.210610e-01
4.714040e-01
-8.733336e-02
8.775826e-01
5.551951e-01
-1.028567e-01
8.253356e-01
6.334389e-01
-1.173523e-01
7.648422e-01
7.053536e-01
-1.306754e-01
6.967067e-01
7.702206e-01
-1.426928e-01
6.216100e-01
8.273919e-01
-1.532845e-01
5.403023e-01
8.762961e-01
-1.623446e-01
4.535961e-01
9.164446e-01
-1.697826e-01
3.623578e-01
9.474364e-01
-1.755242e-01
2.674988e-01
9.689616e-01
-1.795120e-01
1.699671e-01
9.808053e-01
-1.817062e-01
7.073720e-02
9.828492e-01
-1.820848e-01
-2.919952e-02
9.750727e-01
-1.806441e-01
-1.288445e-01
9.575536e-01
-1.773985e-01
-2.272021e-01
9.304670e-01
-1.723804e-01
-3.232896e-01
8.940835e-01
-1.656399e-01
-4.161468e-01
8.487665e-01
-1.572444e-01
-5.048461e-01
7.949690e-01
-1.472777e-01
-5.885011e-01
7.332284e-01
-1.358395e-01
-6.662760e-01
6.641616e-01
-1.230441e-01
-7.373937e-01
5.884588e-01
-1.090192e-01
-8.011436e-01
5.068762e-01
-9.390502e-02
-8.568888e-01
4.202291e-01
-7.785259e-02
-9.040721e-01
3.293833e-01
-6.102228e-02
-9.422223e-01
2.352463e-01
-4.358226e-02
-9.709582e-01
1.387588e-01
-2.570677e-02
-9.899925e-01
9.948820e-02
-8.295099e-03
9.950042e-01
1.979824e-01
-1.650732e-02
9.800666e-01
2.944983e-01
-2.455460e-02
9.553365e-01
3.880718e-01
-3.235654e-02
9.210610e-01
4.777677e-01
-3.983518e-02
8.775826e-01
5.626900e-01
-4.691581e-02
8.253356e-01
6.419900e-01
-5.352766e-02
7.648422e-01
7.148755e-01
-5.960469e-02
6.967067e-01
7.806182e-01
-6.508617e-02
6.216100e-01
8.385613e-01
-6.991732e-02
5.403023e-01
8.881257e-01
-7.404989e-02
4.535961e-01
9.288162e-01
-7.744257e-02
3.623578e-01
9.602263e-01
-8.006147e-02
2.674988e-01
9.820421e-01
-8.188043e-02
1.699671e-01
9.940457e-01
-8.288126e-02
7.073720e-02
9.961172e-01
-8.305397e-02
-2.919952e-02
9.882357e-01
-8.239684e-02
-1.288445e-01
9.704802e-01
-8.091642e-02
-2.272021e-01
9.430279e-01
-7.862751e-02
-3.232896e-01
9.061532e-01
-7.555298e-02
-4.161468e-01
8.602245e-01
-7.172355e-02
-5.048461e-01
8.057007e-01
-6.717748e-02
-5.885011e-01
7.431266e-01
-6.196020e-02
-6.662760e-01
6.731275e-01
-5.612383e-02
-7.373937e-01
5.964027e-01
-4.972669e-02
-8.011436e-01
5.137188e-01
-4.283270e-02
-8.568888e-01
4.259020e-01
-3.551074e-02
-9.040721e-01
3.338298e-01
-2.783397e-02
-9.422223e-01
2.384220e-01
-1.987908e-02
-9.709582e-01
1.406320e-01
-1.172558e-02
-9.899925e-01
4.143688e-02
-3.454912e-03
-9.991352e-01
3.682049e-02
-1.931847e-02
-9.991352e-01
4.088495e-02
-7.574438e-03
-9.991352e-01
3.649046e-02
1.993483e-02
-9.991352e-01
1.506708e-02
3.875480e-02
-9.991352e-01
-9.447214e-03
4.049323e-02
-9.991352e-01
-4.037308e-02
9.948146e-03
-9.991352e-01
-4.663376e-03
-4.131833e-02
-9.991352e-01
7.755308e-03
-4.085103e-02
-9.991352e-01
2.639095e-02
-3.213206e-02
-9.991352e-01
3.470791e-02
-2.289787e-02
-9.991352e-01
3.224854e-02
-2.624848e-02
-9.991352e-01
