1
2
33
1
33
64
1
64
95
1
95
126
1
126
157
1
157
187
1
187
218
1
218
249
1
249
280
1
280
311
1
311
342
1
342
373
1
373
403
1
403
434
1
434
465
1
465
496
1
496
527
1
527
558
1
558
588
1
588
619
1
619
650
1
650
681
1
681
712
1
712
743
1
743
774
1
774
805
1
805
836
1
836
867
1
867
898
1
898
928
1
928
959
1
959
990
1
990
1021
1
1021
1052
1
1052
1083
1
1083
1114
1
1114
1145
1
1145
1176
1
1176
1207
1
1207
1238
1
1238
1269
1
1269
1300
1
1300
1331
1
1331
1362
1
1362
1393
1
1393
1424
1
1424
1454
1
1454
1485
1
1485
1516
1
1516
1546
1
1546
1577
1
1577
1608
1
1608
1639
1
1639
1670
1
1670
1700
1
1700
1731
1
1731
1761
1
1761
1791
1
1791
1821
1
1821
1852
1
1852
1883
1
1883
1913
1
1913
2
2
3
33
2
1913
1914
2
1914
3
3
4
34
3
34
33
3
1914
4
4
5
36
4
35
34
4
36
35
4
1914
1915
4
1915
1916
4
1916
5
5
6
37
5
37
36
5
1916
6
6
7
37
6
1916
1917
6
1917
7
7
8
38
7
38
37
7
1917
1918
7
1918
1919
7
1919
8
8
9
39
8
39
38
8
1919
1920
8
1920
9
9
10
41
9
40
39
9
41
40
9
1920
10
10
11
42
10
42
41
10
1920
1921
10
1921
1922
10
1922
11
11
12
43
11
43
42
11
1922
1923
11
1923
12
12
13
43
12
1923
1924
12
1924
13
13
14
45
13
44
43
13
45
44
13
1924
14
14
15
45
14
1924
1925
14
1925
1926
14
1926
15
15
16
47
15
46
45
15
47
46
15
1926
1927
15
1927
16
16
17
47
16
1927
17
17
18
48
17
48
47
17
1927
1928
17
1928
1929
17
1929
18
18
19
50
18
49
48
18
50
49
18
1929
1930
18
1930
19
19
20
50
19
1930
20
20
21
52
20
51
50
20
52
51
20
1930
1931
20
1931
21
21
22
52
21
1931
1932
21
1932
1933
21
1933
22
22
23
54
22
53
52
22
54
53
22
1933
23
23
24
55
23
55
54
23
1933
1934
23
1934
1935
23
1935
24
24
25
56
24
56
55
24
1935
25
25
26
56
25
1935
1936
25
1936
26
26
27
58
26
57
56
26
58
57
26
1936
1937
26
1937
27
27
28
59
27
59
58
27
1937
1938
27
1938
1939
27
1939
28
28
29
59
28
1939
1940
28
1940
29
29
30
61
29
60
59
29
61
60
29
1940
30
30
31
61
30
1940
1941
30
1941
31
31
32
63
31
62
61
31
63
62
31
1941
1942
31
1942
1943
31
1943
32
32
1943
63
33
34
65
33
65
64
34
35
66
34
66
65
35
36
66
36
37
68
36
67
66
36
68
67
37
38
69
37
69
68
38
39
70
38
70
69
39
40
71
39
71
70
40
41
71
41
42
72
41
72
71
42
43
73
42
73
72
43
44
75
43
74
73
43
75
74
44
45
75
45
46
77
45
76
75
45
77
76
46
47
77
47
48
79
47
78
77
47
79
78
48
49
80
48
80
79
49
50
80
50
51
82
50
81
80
50
82
81
51
52
82
52
53
84
52
83
82
52
84
83
53
54
84
54
55
86
54
85
84
54
86
85
55
56
86
56
57
88
56
87
86
56
88
87
57
58
88
58
59
89
58
89
88
59
60
91
59
90
89
59
91
90
60
61
92
60
92
91
61
62
92
62
63
93
62
93
92
63
94
93
63
125
94
63
372
125
63
526
372
63
1423
526
63
1669
1423
63
1944
1669
63
1851
1944
63
1945
1851
63
1943
1945
64
65
96
64
96
95
65
66
96
66
67
98
66
97
96
66
98
97
67
68
98
68
69
100
68
99
98
68
100
99
69
70
101
69
101
100
70
71
102
70
102
101
71
72
103
71
103
102
72
73
103
73
74
105
73
104
103
73
105
104
74
75
105
75
76
107
75
106
105
75
107
106
76
77
107
77
78
109
77
108
107
77
109
108
78
79
109
79
80
110
79
110
109
80
81
112
80
111
110
80
112
111
81
82
112
82
83
113
82
113
112
83
84
114
83
114
113
84
85
116
84
115
114
84
116
115
85
86
116
86
87
118
86
117
116
86
118
117
87
88
119
87
119
118
88
89
120
88
120
119
89
90
120
90
91
121
90
121
120
91
92
122
91
122
121
92
93
124
92
123
122
92
124
123
93
94
124
94
125
124
95
96
127
95
127
126
96
97
127
97
98
128
97
128
127
98
99
130
98
129
128
98
130
129
99
100
130
100
101
131
100
131
130
101
102
132
101
132
131
102
103
134
102
133
132
102
134
133
103
104
135
103
135
134
104
105
135
105
106
137
105
136
135
105
137
136
106
107
138
106
138
137
107
108
138
108
109
140
108
139
138
108
140
139
109
110
140
110
111
141
110
141
140
111
112
142
111
142
141
112
113
144
112
143
142
112
144
143
113
114
144
114
115
146
114
145
144
114
146
145
115
116
146
116
117
148
116
147
146
116
148
147
117
118
148
118
119
149
118
149
148
119
120
151
119
150
149
119
151
150
120
121
152
120
152
151
121
122
152
122
123
154
122
153
152
122
154
153
123
124
154
124
125
156
124
155
154
124
156
155
125
1946
156
125
217
1946
125
310
217
125
372
310
126
127
157
127
128
159
127
158
157
127
159
158
128
129
160
128
160
159
129
130
160
130
131
161
130
161
160
131
132
163
131
162
161
131
163
162
132
133
163
133
134
164
133
164
163
134
135
166
134
165
164
134
166
165
135
136
166
136
137
167
136
167
166
137
138
169
137
168
167
137
169
168
138
139
170
138
170
169
139
140
170
140
141
172
140
171
170
140
172
171
141
142
173
141
173
172
142
143
173
143
144
174
143
174
173
144
145
175
144
175
174
145
146
176
145
176
175
146
147
178
146
177
176
146
178
177
147
148
179
147
179
178
148
149
180
148
180
179
149
150
180
150
151
181
150
181
180
151
152
183
151
182
181
151
183
182
152
153
184
152
184
183
153
154
184
154
155
186
154
185
184
154
186
185
155
156
186
156
1946
186
157
158
188
157
188
187
158
159
189
158
189
188
159
160
189
160
161
190
160
190
189
161
162
192
161
191
190
161
192
191
162
163
192
163
164
194
163
193
192
163
194
193
164
165
195
164
195
194
165
166
195
166
167
197
166
196
195
166
197
196
167
168
197
168
169
198
168
198
197
169
170
199
169
199
198
170
171
201
170
200
199
170
201
200
171
172
201
172
173
202
172
202
201
173
174
204
173
203
202
173
204
203
174
175
204
175
176
205
175
205
204
176
177
207
176
206
205
176
207
206
177
178
208
177
208
207
178
179
208
179
180
209
179
209
208
180
181
211
180
210
209
180
211
210
181
182
212
181
212
211
182
183
212
183
184
214
183
213
212
183
214
213
184
185
215
184
215
214
185
186
215
186
1946
217
186
216
215
186
217
216
187
188
219
187
219
218
188
189
219
189
190
221
189
220
219
189
221
220
190
191
221
191
192
222
191
222
221
192
193
224
192
223
222
192
224
223
193
194
224
194
195
225
194
225
224
195
196
227
195
226
225
195
227
226
196
197
227
197
198
229
197
228
227
197
229
228
198
199
229
199
200
231
199
230
229
199
231
230
200
201
231
201
202
233
201
232
231
201
233
232
202
203
234
202
234
233
203
204
234
204
205
236
204
235
234
204
236
235
205
206
236
206
207
238
206
237
236
206
238
237
207
208
238
208
209
240
208
239
238
208
240
239
209
210
241
209
241
240
210
211
242
210
242
241
211
212
242
212
213
244
212
243
242
212
244
243
213
214
244
214
215
245
214
245
244
215
216
247
215
246
245
215
247
246
216
217
247
217
248
247
217
310
248
218
219
249
219
220
250
219
250
249
220
221
251
220
251
250
221
222
253
221
252
251
221
253
252
222
223
253
223
224
254
223
254
253
224
225
256
224
255
254
224
256
255
225
226
257
225
257
256
226
227
257
227
228
259
227
258
257
227
259
258
228
229
259
229
230
260
229
260
259
230
231
262
230
261
260
230
262
261
231
232
263
231
263
262
232
233
263
233
234
265
233
264
263
233
265
264
234
235
265
235
236
266
235
266
265
236
237
268
236
267
266
236
268
267
237
238
268
238
239
270
238
269
268
238
270
269
239
240
271
239
271
270
240
241
271
241
242
272
241
272
271
242
243
274
242
273
272
242
274
273
243
244
274
244
245
276
244
275
274
244
276
275
245
246
277
245
277
276
246
247
277
247
248
278
247
278
277
248
279
278
248
310
279
249
250
281
249
281
280
250
251
281
251
252
283
251
282
281
251
283
282
252
253
283
253
254
284
253
284
283
254
255
286
254
285
284
254
286
285
255
256
287
255
287
286
256
257
287
257
258
289
257
288
287
257
289
288
258
259
289
259
260
290
259
290
289
260
261
292
260
291
290
260
292
291
261
262
292
262
263
294
262
293
292
262
294
293
263
264
295
263
295
294
264
265
295
265
266
297
265
296
295
265
297
296
266
267
298
266
298
297
267
268
298
268
269
300
268
299
298
268
300
299
269
270
300
270
271
302
270
301
300
270
302
301
271
272
302
272
273
303
272
303
302
273
274
304
273
304
303
274
275
306
274
305
304
274
306
305
275
276
307
275
307
306
276
277
307
277
278
308
277
308
307
278
279
309
278
309
308
279
310
309
280
281
311
281
282
313
281
312
311
281
313
312
282
283
314
282
314
313
283
284
315
283
315
314
284
285
315
285
286
317
285
316
315
285
317
316
286
287
317
287
288
319
287
318
317
287
319
318
288
289
319
289
290
321
289
320
319
289
321
320
290
291
322
290
322
321
291
292
322
292
293
324
292
323
322
292
324
323
293
294
324
294
295
325
294
325
324
295
296
327
295
326
325
295
327
326
296
297
327
297
298
329
297
328
327
297
329
328
298
299
329
299
300
330
299
330
329
300
301
332
300
331
330
300
332
331
301
302
332
302
303
334
302
333
332
302
334
333
303
304
335
303
335
334
304
305
335
305
306
337
305
336
335
305
337
336
306
307
337
307
308
338
307
338
337
308
309
340
308
339
338
308
340
339
309
310
340
310
341
340
310
372
341
311
312
343
311
343
342
312
313
343
313
314
345
313
344
343
313
345
344
314
315
345
315
316
347
315
346
345
315
347
346
316
317
347
317
318
349
317
348
347
317
349
348
318
319
349
319
320
351
319
350
349
319
351
350
320
321
352
320
352
351
321
322
352
322
323
354
322
353
352
322
354
353
323
324
355
323
355
354
324
325
355
325
326
357
325
356
355
325
357
356
326
327
357
327
328
359
327
358
357
327
359
358
328
329
359
329
330
361
329
360
359
329
361
360
330
331
362
330
362
361
331
332
362
332
333
364
332
363
362
332
364
363
333
334
364
334
335
365
334
365
364
335
336
367
335
366
365
335
367
366
336
337
367
337
338
369
337
368
367
337
369
368
338
339
370
338
370
369
339
340
371
339
371
370
340
341
371
341
372
371
342
343
374
342
374
373
343
344
374
344
345
375
344
375
374
345
346
377
345
376
375
345
377
376
346
347
378
346
378
377
347
348
378
348
349
380
348
379
378
348
380
379
349
350
380
350
351
382
350
381
380
350
382
381
351
352
382
352
353
384
352
383
382
352
384
383
353
354
384
354
355
385
354
385
384
355
356
386
355
386
385
356
357
387
356
387
386
357
358
389
357
388
387
357
389
388
358
359
390
358
390
389
359
360
390
360
361
391
360
391
390
361
362
392
361
392
391
362
363
394
362
393
392
362
394
393
363
364
394
364
365
396
364
395
394
364
396
395
365
366
397
365
397
396
366
367
397
367
368
398
367
398
397
368
369
399
368
399
398
369
370
401
369
400
399
369
401
400
370
371
402
370
402
401
371
372
1947
371
1947
402
372
433
1947
372
526
433
373
374
403
374
375
405
374
404
403
374
405
404
375
376
405
376
377
406
376
406
405
377
378
407
377
407
406
378
379
409
378
408
407
378
409
408
379
380
409
380
381
411
380
410
409
380
411
410
381
382
411
382
383
412
382
412
411
383
384
413
383
413
412
384
385
415
384
414
413
384
415
414
385
386
415
386
387
416
386
416
415
387
388
418
387
417
416
387
418
417
388
389
419
388
419
418
389
390
419
390
391
421
390
420
419
390
421
420
391
392
421
392
393
423
392
422
421
392
423
422
393
394
423
394
395
424
394
424
423
395
396
426
395
425
424
395
426
425
396
397
426
397
398
428
397
427
426
397
428
427
398
399
429
398
429
428
399
400
430
399
430
429
400
401
430
401
402
431
401
431
430
402
1947
433
402
432
431
402
433
432
403
404
435
403
435
434
404
405
435
405
406
437
405
436
435
405
437
436
406
407
437
407
408
439
407
438
437
407
439
438
408
409
440
408
440
439
409
410
441
409
441
440
410
411
441
411
412
443
411
442
441
411
443
442
412
413
444
412
444
443
413
414
445
413
445
444
414
415
445
415
416
447
415
446
445
415
447
446
416
417
448
416
448
447
417
418
448
418
419
449
418
449
448
419
420
451
419
450
449
419
451
450
420
421
451
421
422
453
421
452
451
421
453
452
422
423
453
423
424
454
423
454
453
424
425
456
424
455
454
424
456
455
425
426
456
426
427
458
426
457
456
426
458
457
427
428
459
427
459
458
428
429
459
429
430
461
429
460
459
429
461
460
430
431
462
430
462
461
431
432
462
432
433
464
432
463
462
432
464
463
433
526
464
434
435
466
434
466
465
435
436
466
436
437
468
436
467
466
436
468
467
437
438
469
437
469
468
438
439
470
438
470
469
439
440
470
440
441
471
440
471
470
441
442
473
441
472
471
441
473
472
442
443
473
443
444
474
443
474
473
444
445
475
444
475
474
445
446
476
445
476
475
446
447
478
446
477
476
446
478
477
447
448
479
447
479
478
448
449
480
448
480
479
449
450
481
449
481
480
450
451
481
451
452
483
451
482
481
451
483
482
452
453
483
453
454
485
453
484
483
453
485
484
454
455
485
455
456
486
455
486
485
456
457
488
456
487
486
456
488
487
457
458
489
457
489
488
458
459
489
459
460
491
459
490
489
459
491
490
460
461
491
461
462
492
461
492
491
462
463
494
462
493
492
462
494
493
463
464
494
464
495
494
464
526
495
465
466
496
466
467
498
466
497
496
466
498
497
467
468
499
467
499
498
468
469
500
468
500
499
469
470
500
470
471
502
470
501
500
470
502
501
471
472
502
472
473
504
472
503
502
472
504
503
473
474
505
473
505
504
474
475
505
475
476
506
475
506
505
476
477
508
476
507
506
476
508
507
477
478
508
478
479
510
478
509
508
478
510
509
479
480
510
480
481
511
480
511
510
481
482
513
481
512
511
481
513
512
482
483
513
483
484
514
483
514
513
484
485
516
484
515
514
484
516
515
485
486
517
485
517
516
486
487
517
487
488
519
487
518
517
487
519
518
488
489
519
489
490
521
489
520
519
489
521
520
490
491
521
491
492
523
491
522
521
491
523
522
492
493
524
492
524
523
493
494
524
494
495
525
494
525
524
495
526
525
496
497
528
496
528
527
497
498
528
498
499
529
498
529
528
499
500
530
499
530
529
500
501
532
500
531
530
500
532
531
501
502
532
502
503
534
502
533
532
502
534
533
503
504
534
504
505
536
504
535
534
504
536
535
505
506
536
506
507
538
506
537
536
506
538
537
507
508
539
507
539
538
508
509
539
509
510
541
509
540
539
509
541
540
510
511
541
511
512
543
511
542
541
511
543
542
512
513
543
513
514
545
513
544
543
513
545
544
514
515
546
514
546
545
515
516
546
516
517
547
516
547
546
517
518
549
517
548
547
517
549
548
518
519
549
519
520
551
519
550
549
519
551
550
520
521
551
521
522
553
521
552
551
521
553
552
522
523
554
522
554
553
523
524
555
523
555
554
524
525
556
524
556
555
525
526
557
525
557
556
526
618
557
526
804
618
526
1051
804
526
1423
1051
527
528
558
528
529
560
528
559
558
528
560
559
529
530
560
530
531
562
530
561
560
530
562
561
531
532
562
532
533
564
532
563
562
532
564
563
533
534
564
534
535
566
534
565
564
534
566
565
535
536
566
536
537
568
536
567
566
536
568
567
537
538
569
537
569
568
538
539
569
539
540
571
539
570
569
539
571
570
540
541
571
541
542
573
541
572
571
541
573
572
542
543
573
543
544
575
543
574
573
543
575
574
544
545
576
544
576
575
545
546
577
545
577
576
546
547
577
547
548
579
547
578
577
547
579
578
548
549
580
548
580
579
549
550
580
550
551
582
550
581
580
550
582
581
551
552
583
551
583
582
552
553
583
553
554
584
553
584
583
554
555
586
554
585
584
554
586
585
555
556
587
555
587
586
556
557
587
557
1948
587
557
618
1948
558
559
589
558
589
588
559
560
590
559
590
589
560
561
590
561
562
591
561
591
590
562
563
593
562
592
591
562
593
592
563
564
593
564
565
595
564
594
593
564
595
594
565
566
595
566
567
597
566
596
595
566
597
596
567
568
597
568
569
598
568
598
597
569
570
600
569
599
598
569
600
599
570
571
600
571
572
602
571
601
600
571
602
601
572
573
602
573
574
604
573
603
602
573
604
603
574
575
605
574
605
604
575
576
606
575
606
605
576
577
606
577
578
608
577
607
606
577
608
607
578
579
608
579
580
609
579
609
608
580
581
611
580
610
609
580
611
610
581
582
611
582
583
613
582
612
611
582
613
612
583
584
614
583
614
613
584
585
614
585
586
616
585
615
614
585
616
615
586
587
616
587
1948
618
587
617
616
587
618
617
588
589
619
589
590
620
589
620
619
590
591
622
590
621
620
590
622
621
591
592
623
591
623
622
592
593
623
593
594
624
593
624
623
594
595
626
594
625
624
594
626
625
595
596
626
596
597
627
596
627
626
597
598
629
597
628
627
597
629
628
598
599
629
599
600
630
599
630
629
600
601
632
600
631
630
600
632
631
601
602
632
602
603
633
602
633
632
603
604
635
603
634
633
603
635
634
604
605
635
605
606
636
605
636
635
606
607
638
606
637
636
606
638
637
607
608
638
608
609
639
608
639
638
609
610
641
609
640
639
609
641
640
610
611
641
611
612
643
611
642
641
611
643
642
612
613
643
613
614
644
613
644
643
614
615
646
614
645
644
614
646
645
615
616
647
615
647
646
616
617
648
616
648
647
617
618
648
618
649
648
618
804
649
619
620
651
619
651
650
620
621
652
620
652
651
621
622
652
622
623
654
622
653
652
622
654
653
623
624
654
624
625
656
624
655
654
624
656
655
625
626
656
626
627
658
626
657
656
626
658
657
627
628
658
628
629
660
628
659
658
628
660
659
629
630
660
630
631
662
630
661
660
630
662
661
631
632
662
632
633
663
632
663
662
633
634
665
633
664
663
633
665
664
634
635
666
634
666
665
635
636
666
636
637
668
636
667
666
636
668
667
637
638
668
638
639
669
638
669
668
639
640
671
639
670
669
639
671
670
640
641
671
641
642
672
641
672
671
642
643
673
642
673
672
643
644
675
643
674
673
643
675
674
644
645
676
644
676
675
645
646
676
646
647
678
646
677
676
646
678
677
647
648
678
648
649
680
648
679
678
648
680
679
649
711
680
649
804
711
650
651
681
651
652
682
651
682
681
652
653
684
652
683
682
652
684
683
653
654
684
654
655
685
654
685
684
655
656
686
655
686
685
656
657
688
656
687
686
656
688
687
657
658
688
658
659
690
658
689
688
658
690
689
659
660
690
660
661
692
660
691
690
660
692
691
661
662
692
662
663
694
662
693
692
662
694
693
663
664
694
664
665
696
664
695
694
664
696
695
665
666
696
666
667
698
666
697
696
666
698
697
667
668
698
668
669
699
668
699
698
669
670
701
669
700
699
669
701
700
670
671
702
670
702
701
671
672
703
671
703
702
672
673
704
672
704
703
673
674
704
674
675
705
674
705
704
675
676
707
675
706
705
675
707
706
676
677
707
677
678
709
677
708
707
677
709
708
678
679
709
679
680
710
679
710
709
680
711
710
681
682
712
682
683
714
682
713
712
682
714
713
683
684
715
683
715
714
684
685
715
685
686
716
685
716
715
686
687
717
686
717
716
687
688
719
687
718
717
687
719
718
688
689
720
688
720
719
689
690
720
690
691
722
690
721
720
690
722
721
691
692
722
692
693
724
692
723
722
692
724
723
693
694
725
693
725
724
694
695
725
695
696
727
695
726
725
695
727
726
696
697
728
696
728
727
697
698
728
698
699
729
698
729
728
699
700
731
699
730
729
699
731
730
700
701
731
701
702
733
701
732
731
701
733
732
702
703
734
702
734
733
703
704
734
704
705
736
704
735
734
704
736
735
705
706
737
705
737
736
706
707
737
707
708
739
707
738
737
707
739
738
708
709
739
709
710
741
709
740
739
709
741
740
710
711
741
711
742
741
711
773
742
711
804
773
712
713
744
712
744
743
713
714
744
714
715
746
714
745
744
714
746
745
715
716
747
715
747
746
716
717
747
717
718
749
717
748
747
717
749
748
718
719
749
719
720
751
719
750
749
719
751
750
720
721
752
720
752
751
721
722
753
721
753
752
722
723
753
723
724
755
723
754
753
723
755
754
724
725
755
725
726
757
725
756
755
725
757
756
726
727
758
726
758
757
727
728
758
728
729
760
728
759
758
728
760
759
729
730
761
729
761
760
730
731
761
731
732
763
731
762
761
731
763
762
732
733
763
733
734
764
733
764
763
734
735
766
734
765
764
734
766
765
735
736
767
735
767
766
736
737
768
736
768
767
737
738
768
738
739
769
738
769
768
739
740
770
739
770
769
740
741
772
740
771
770
740
772
771
741
742
772
742
773
772
743
744
775
743
775
774
744
745
775
745
746
776
745
776
775
746
747
778
746
777
776
746
778
777
747
748
778
748
749
780
748
779
778
748
780
779
749
750
781
749
781
780
750
751
781
751
752
782
751
782
781
752
753
783
752
783
782
753
754
785
753
784
783
753
785
784
754
755
785
755
756
787
755
786
785
755
787
786
756
757
787
757
758
788
757
788
787
758
759
790
758
789
788
758
790
789
759
760
791
759
791
790
760
761
791
761
762
793
761
792
791
761
793
792
762
763
793
763
764
794
763
794
793
764
765
796
764
795
794
764
796
795
765
766
796
766
767
798
766
797
796
766
798
797
767
768
798
768
769
800
768
799
798
768
800
799
769
770
801
769
801
800
770
771
802
770
802
801
771
772
802
772
773
803
772
803
802
773
804
803
774
775
806
774
806
805
775
776
806
776
777
808
776
807
806
776
808
807
777
778
809
777
809
808
778
779
810
778
810
809
779
780
810
780
781
811
780
811
810
781
782
813
781
812
811
781
813
812
782
783
813
783
784
815
783
814
813
783
815
814
784
785
815
785
786
817
785
816
815
785
817
816
786
787
817
787
788
819
787
818
817
787
819
818
788
789
819
789
790
820
789
820
819
790
791
821
790
821
820
791
792
823
791
822
821
791
823
822
792
793
823
793
794
824
793
824
823
794
795
826
794
825
824
794
826
825
795
796
826
796
797
828
796
827
826
796
828
827
797
798
828
798
799
830
798
829
828
798
830
829
799
800
830
800
801
831
800
831
830
801
802
833
801
832
831
801
833
832
802
803
833
803
804
835
803
834
833
803
835
834
804
866
835
804
1949
866
804
958
1949
804
1051
958
805
806
836
806
807
838
806
837
836
806
838
837
807
808
838
808
809
839
808
839
838
809
810
841
809
840
839
809
841
840
810
811
841
811
812
843
811
842
841
811
843
842
812
813
843
813
814
844
813
844
843
814
815
846
814
845
844
814
846
845
815
816
846
816
817
847
816
847
846
817
818
848
817
848
847
818
819
849
818
849
848
819
820
851
819
850
849
819
851
850
820
821
851
821
822
853
821
852
851
821
853
852
822
823
853
823
824
855
823
854
853
823
855
854
824
825
856
824
856
855
825
826
857
825
857
856
826
827
857
827
828
858
827
858
857
828
829
859
828
859
858
829
830
861
829
860
859
829
861
860
830
831
862
830
862
861
831
832
863
831
863
862
832
833
863
833
834
865
833
864
863
833
865
864
834
835
865
835
866
865
836
837
868
836
868
867
837
838
868
838
839
870
838
869
868
838
870
869
839
840
871
839
871
870
840
841
872
840
872
871
841
842
873
841
873
872
842
843
873
843
844
874
843
874
873
844
845
876
844
875
874
844
876
875
845
846
877
845
877
876
846
847
878
846
878
877
847
848
878
848
849
879
848
879
878
849
850
881
849
880
879
849
881
880
850
851
881
851
852
883
851
882
881
851
883
882
852
853
883
853
854
885
853
884
883
853
885
884
854
855
885
855
856
886
855
886
885
856
857
887
856
887
886
857
858
889
857
888
887
857
889
888
858
859
889
859
860
891
859
890
889
859
891
890
860
861
891
861
862
893
861
892
891
861
893
892
862
863
893
863
864
895
863
894
893
863
895
894
864
865
896
864
896
895
865
866
897
865
897
896
866
1949
897
867
868
898
868
869
900
868
899
898
868
900
899
869
870
900
870
871
902
870
901
900
870
902
901
871
872
902
872
873
904
872
903
902
872
904
903
873
874
905
873
905
904
874
875
905
875
876
906
875
906
905
876
877
907
876
907
906
877
878
909
877
908
907
877
909
908
878
879
909
879
880
911
879
910
909
879
911
910
880
881
911
881
882
912
881
912
911
882
883
914
882
913
912
882
914
913
883
884
914
884
885
915
884
915
914
885
886
916
885
916
915
886
887
917
886
917
916
887
888
919
887
918
917
887
919
918
888
889
919
889
890
920
889
920
919
890
891
922
890
921
920
890
922
921
891
892
922
892
893
924
892
923
922
892
924
923
893
894
924
894
895
925
894
925
924
895
896
927
895
926
925
895
927
926
896
897
927
897
1949
927
898
899
928
899
900
930
899
929
928
899
930
929
900
901
930
901
902
931
901
931
930
902
903
933
902
932
931
902
933
932
903
904
933
904
905
934
904
934
933
905
906
936
905
935
934
905
936
935
906
907
937
906
937
936
907
908
937
908
909
939
908
938
937
908
939
938
909
910
940
909
940
939
910
911
940
911
912
941
911
941
940
912
913
943
912
942
941
912
943
942
913
914
943
914
915
945
914
944
943
914
945
944
915
916
945
916
917
946
916
946
945
917
918
948
917
947
946
917
948
947
918
919
948
919
920
950
919
949
948
919
950
949
920
921
950
921
922
952
921
951
950
921
952
951
922
923
953
922
953
952
923
924
953
924
925
955
924
954
953
924
955
954
925
926
955
926
927
957
926
956
955
926
957
956
927
1949
958
927
958
957
928
929
959
929
930
961
929
960
959
929
961
960
930
931
961
931
932
962
931
962
961
932
933
964
932
963
962
932
964
963
933
934
964
934
935
966
934
965
964
934
966
965
935
936
967
935
967
966
936
937
967
937
938
969
937
968
967
937
969
968
938
939
969
939
940
971
939
970
969
939
971
970
940
941
971
941
942
973
941
972
971
941
973
972
942
943
973
943
944
975
943
974
973
943
975
974
944
945
975
945
946
977
945
976
975
945
977
976
946
947
977
947
948
979
947
978
977
947
979
978
948
949
980
948
980
979
949
950
980
950
951
982
950
981
980
950
982
981
951
952
982
952
953
984
952
983
982
952
984
983
953
954
985
953
985
984
954
955
985
955
956
987
955
986
985
955
987
986
956
957
987
957
958
989
957
988
987
957
989
988
958
1051
989
959
960
991
959
991
990
960
961
991
961
962
993
961
992
991
961
993
992
962
963
993
963
964
994
963
994
993
964
965
996
964
995
994
964
996
995
965
966
996
966
967
998
966
997
996
966
998
997
967
968
999
967
999
998
968
969
1000
968
1000
999
969
970
1000
970
971
1001
970
1001
1000
971
972
1003
971
1002
1001
971
1003
1002
972
973
1003
973
974
1005
973
1004
1003
973
1005
1004
974
975
1005
975
976
1007
975
1006
1005
975
1007
1006
976
977
1007
977
978
1009
977
1008
1007
977
1009
1008
978
979
1009
979
980
1011
979
1010
1009
979
1011
1010
980
981
1012
980
1012
1011
981
982
1012
982
983
1014
982
1013
1012
982
1014
1013
983
984
1014
984
985
1016
984
1015
1014
984
1016
1015
985
986
1016
986
987
1018
986
1017
1016
986
1018
1017
987
988
1018
988
989
1020
988
1019
1018
988
1020
1019
989
1051
1020
990
991
1022
990
1022
1021
991
992
1022
992
993
1024
992
1023
1022
992
1024
1023
993
994
1025
993
1025
1024
994
995
1026
994
1026
1025
995
996
1026
996
997
1028
996
1027
1026
996
1028
1027
997
998
1028
998
999
1029
998
1029
1028
999
1000
1030
999
1030
1029
1000
1001
1032
1000
1031
1030
1000
1032
1031
1001
1002
1033
1001
1033
1032
1002
1003
1033
1003
1004
1035
1003
1034
1033
1003
1035
1034
1004
1005
1036
1004
1036
1035
1005
1006
1037
1005
1037
1036
1006
1007
1037
1007
1008
1039
1007
1038
1037
1007
1039
1038
1008
1009
1040
1008
1040
1039
1009
1010
1041
1009
1041
1040
1010
1011
1041
1011
1012
1042
1011
1042
1041
1012
1013
1043
1012
1043
1042
1013
1014
1044
1013
1044
1043
1014
1015
1046
1014
1045
1044
1014
1046
1045
1015
1016
1046
1016
1017
1048
1016
1047
1046
1016
1048
1047
1017
1018
1048
1018
1019
1050
1018
1049
1048
1018
1050
1049
1019
1020
1050
1020
1051
1050
1021
1022
1052
1022
1023
1054
1022
1053
1052
1022
1054
1053
1023
1024
1054
1024
1025
1056
1024
1055
1054
1024
1056
1055
1025
1026
1056
1026
1027
1058
1026
1057
1056
1026
1058
1057
1027
1028
1058
1028
1029
1060
1028
1059
1058
1028
1060
1059
1029
1030
1061
1029
1061
1060
1030
1031
1061
1031
1032
1063
1031
1062
1061
1031
1063
1062
1032
1033
1063
1033
1034
1065
1033
1064
1063
1033
1065
1064
1034
1035
1066
1034
1066
1065
1035
1036
1066
1036
1037
1068
1036
1067
1066
1036
1068
1067
1037
1038
1069
1037
1069
1068
1038
1039
1069
1039
1040
1070
1039
1070
1069
1040
1041
1071
1040
1071
1070
1041
1042
1073
1041
1072
1071
1041
1073
1072
1042
1043
1073
1043
1044
1075
1043
1074
1073
1043
1075
1074
1044
1045
1076
1044
1076
1075
1045
1046
1076
1046
1047
1078
1046
1077
1076
1046
1078
1077
1047
1048
1078
1048
1049
1080
1048
1079
1078
1048
1080
1079
1049
1050
1081
1049
1081
1080
1050
1051
1082
1050
1082
1081
1051
1113
1082
1051
1144
1113
1051
1206
1144
1051
1299
1206
1051
1423
1299
1052
1053
1084
1052
1084
1083
1053
1054
1084
1054
1055
1086
1054
1085
1084
1054
1086
1085
1055
1056
1086
1056
1057
1087
1056
1087
1086
1057
1058
1089
1057
1088
1087
1057
1089
1088
1058
1059
1090
1058
1090
1089
1059
1060
1090
1060
1061
1092
1060
1091
1090
1060
1092
1091
1061
1062
1093
1061
1093
1092
1062
1063
1093
1063
1064
1094
1063
1094
1093
1064
1065
1096
1064
1095
1094
1064
1096
1095
1065
1066
1096
1066
1067
1097
1066
1097
1096
1067
1068
1099
1067
1098
1097
1067
1099
1098
1068
1069
1100
1068
1100
1099
1069
1070
1101
1069
1101
1100
1070
1071
1101
1071
1072
1103
1071
1102
1101
1071
1103
1102
1072
1073
1104
1072
1104
1103
1073
1074
1104
1074
1075
1106
1074
1105
1104
1074
1106
1105
1075
1076
1107
1075
1107
1106
1076
1077
1108
1076
1108
1107
1077
1078
1108
1078
1079
1110
1078
1109
1108
1078
1110
1109
1079
1080
1110
1080
1081
1112
1080
1111
1110
1080
1112
1111
1081
1082
1112
1082
1113
1112
1083
1084
1114
1084
1085
1115
1084
1115
1114
1085
1086
1116
1085
1116
1115
1086
1087
1118
1086
1117
1116
1086
1118
1117
1087
1088
1119
1087
1119
1118
1088
1089
1119
1089
1090
1121
1089
1120
1119
1089
1121
1120
1090
1091
1121
1091
1092
1122
1091
1122
1121
1092
1093
1123
1092
1123
1122
1093
1094
1125
1093
1124
1123
1093
1125
1124
1094
1095
1126
1094
1126
1125
1095
1096
1126
1096
1097
1128
1096
1127
1126
1096
1128
1127
1097
1098
1129
1097
1129
1128
1098
1099
1129
1099
1100
1131
1099
1130
1129
1099
1131
1130
1100
1101
1131
1101
1102
1133
1101
1132
1131
1101
1133
1132
1102
1103
1134
1102
1134
1133
1103
1104
1134
1104
1105
1135
1104
1135
1134
1105
1106
1136
1105
1136
1135
1106
1107
1137
1106
1137
1136
1107
1108
1139
1107
1138
1137
1107
1139
1138
1108
1109
1140
1108
1140
1139
1109
1110
1140
1110
1111
1142
1110
1141
1140
1110
1142
1141
1111
1112
1142
1112
1113
1143
1112
1143
1142
1113
1144
1143
1114
1115
1146
1114
1146
1145
1115
1116
1146
1116
1117
1148
1116
1147
1146
1116
1148
1147
1117
1118
1148
1118
1119
1149
1118
1149
1148
1119
1120
1151
1119
1150
1149
1119
1151
1150
1120
1121
1151
1121
1122
1152
1121
1152
1151
1122
1123
1154
1122
1153
1152
1122
1154
1153
1123
1124
1154
1124
1125
1156
1124
1155
1154
1124
1156
1155
1125
1126
1157
1125
1157
1156
1126
1127
1157
1127
1128
1159
1127
1158
1157
1127
1159
1158
1128
1129
1159
1129
1130
1161
1129
1160
1159
1129
1161
1160
1130
1131
1161
1131
1132
1163
1131
1162
1161
1131
1163
1162
1132
1133
1163
1133
1134
1165
1133
1164
1163
1133
1165
1164
1134
1135
1165
1135
1136
1167
1135
1166
1165
1135
1167
1166
1136
1137
1168
1136
1168
1167
1137
1138
1168
1138
1139
1169
1138
1169
1168
1139
1140
1170
1139
1170
1169
1140
1141
1172
1140
1171
1170
1140
1172
1171
1141
1142
1172
1142
1143
1173
1142
1173
1172
1143
1144
1175
1143
1174
1173
1143
1175
1174
1144
1206
1175
1145
1146
1176
1146
1147
1178
1146
1177
1176
1146
1178
1177
1147
1148
1178
1148
1149
1180
1148
1179
1178
1148
1180
1179
1149
1150
1180
1150
1151
1181
1150
1181
1180
1151
1152
1183
1151
1182
1181
1151
1183
1182
1152
1153
1184
1152
1184
1183
1153
1154
1185
1153
1185
1184
1154
1155
1186
1154
1186
1185
1155
1156
1186
1156
1157
1188
1156
1187
1186
1156
1188
1187
1157
1158
1189
1157
1189
1188
1158
1159
1189
1159
1160
1191
1159
1190
1189
1159
1191
1190
1160
1161
1191
1161
1162
1192
1161
1192
1191
1162
1163
1194
1162
1193
1192
1162
1194
1193
1163
1164
1195
1163
1195
1194
1164
1165
1195
1165
1166
1197
1165
1196
1195
1165
1197
1196
1166
1167
1198
1166
1198
1197
1167
1168
1198
1168
1169
1199
1168
1199
1198
1169
1170
1201
1169
1200
1199
1169
1201
1200
1170
1171
1202
1170
1202
1201
1171
1172
1202
1172
1173
1204
1172
1203
1202
1172
1204
1203
1173
1174
1205
1173
1205
1204
1174
1175
1205
1175
1206
1205
1176
1177
1207
1177
1178
1209
1177
1208
1207
1177
1209
1208
1178
1179
1209
1179
1180
1210
1179
1210
1209
1180
1181
1212
1180
1211
1210
1180
1212
1211
1181
1182
1213
1181
1213
1212
1182
1183
1213
1183
1184
1215
1183
1214
1213
1183
1215
1214
1184
1185
1215
1185
1186
1216
1185
1216
1215
1186
1187
1218
1186
1217
1216
1186
1218
1217
1187
1188
1219
1187
1219
1218
1188
1189
1220
1188
1220
1219
1189
1190
1220
1190
1191
1222
1190
1221
1220
1190
1222
1221
1191
1192
1222
1192
1193
1223
1192
1223
1222
1193
1194
1225
1193
1224
1223
1193
1225
1224
1194
1195
1225
1195
1196
1227
1195
1226
1225
1195
1227
1226
1196
1197
1228
1196
1228
1227
1197
1198
1228
1198
1199
1230
1198
1229
1228
1198
1230
1229
1199
1200
1231
1199
1231
1230
1200
1201
1232
1200
1232
1231
1201
1202
1232
1202
1203
1233
1202
1233
1232
1203
1204
1235
1203
1234
1233
1203
1235
1234
1204
1205
1236
1204
1236
1235
1205
1206
1237
1205
1237
1236
1206
1268
1237
1206
1299
1268
1207
1208
1239
1207
1239
1238
1208
1209
1239
1209
1210
1240
1209
1240
1239
1210
1211
1242
1210
1241
1240
1210
1242
1241
1211
1212
1242
1212
1213
1244
1212
1243
1242
1212
1244
1243
1213
1214
1244
1214
1215
1246
1214
1245
1244
1214
1246
1245
1215
1216
1246
1216
1217
1248
1216
1247
1246
1216
1248
1247
1217
1218
1249
1217
1249
1248
1218
1219
1249
1219
1220
1250
1219
1250
1249
1220
1221
1252
1220
1251
1250
1220
1252
1251
1221
1222
1253
1221
1253
1252
1222
1223
1254
1222
1254
1253
1223
1224
1255
1223
1255
1254
1224
1225
1255
1225
1226
1257
1225
1256
1255
1225
1257
1256
1226
1227
1258
1226
1258
1257
1227
1228
1258
1228
1229
1260
1228
1259
1258
1228
1260
1259
1229
1230
1260
1230
1231
1261
1230
1261
1260
1231
1232
1262
1231
1262
1261
1232
1233
1264
1232
1263
1262
1232
1264
1263
1233
1234
1265
1233
1265
1264
1234
1235
1265
1235
1236
1266
1235
1266
1265
1236
1237
1267
1236
1267
1266
1237
1268
1267
1238
1239
1270
1238
1270
1269
1239
1240
1270
1240
1241
1272
1240
1271
1270
1240
1272
1271
1241
1242
1272
1242
1243
1274
1242
1273
1272
1242
1274
1273
1243
1244
1275
1243
1275
1274
1244
1245
1276
1244
1276
1275
1245
1246
1276
1246
1247
1278
1246
1277
1276
1246
1278
1277
1247
1248
1278
1248
1249
1280
1248
1279
1278
1248
1280
1279
1249
1250
1280
1250
1251
1282
1250
1281
1280
1250
1282
1281
1251
1252
1282
1252
1253
1284
1252
1283
1282
1252
1284
1283
1253
1254
1284
1254
1255
1285
1254
1285
1284
1255
1256
1287
1255
1286
1285
1255
1287
1286
1256
1257
1287
1257
1258
1289
1257
1288
1287
1257
1289
1288
1258
1259
1289
1259
1260
1290
1259
1290
1289
1260
1261
1292
1260
1291
1290
1260
1292
1291
1261
1262
1292
1262
1263
1294
1262
1293
1292
1262
1294
1293
1263
1264
1294
1264
1265
1296
1264
1295
1294
1264
1296
1295
1265
1266
1296
1266
1267
1298
1266
1297
1296
1266
1298
1297
1267
1268
1298
1268
1299
1298
1269
1270
1300
1270
1271
1302
1270
1301
1300
1270
1302
1301
1271
1272
1302
1272
1273
1304
1272
1303
1302
1272
1304
1303
1273
1274
1304
1274
1275
1305
1274
1305
1304
1275
1276
1306
1275
1306
1305
1276
1277
1308
1276
1307
1306
1276
1308
1307
1277
1278
1309
1277
1309
1308
1278
1279
1309
1279
1280
1310
1279
1310
1309
1280
1281
1312
1280
1311
1310
1280
1312
1311
1281
1282
1312
1282
1283
1314
1282
1313
1312
1282
1314
1313
1283
1284
1314
1284
1285
1316
1284
1315
1314
1284
1316
1315
1285
1286
1317
1285
1317
1316
1286
1287
1317
1287
1288
1319
1287
1318
1317
1287
1319
1318
1288
1289
1319
1289
1290
1320
1289
1320
1319
1290
1291
1322
1290
1321
1320
1290
1322
1321
1291
1292
1322
1292
1293
1324
1292
1323
1322
1292
1324
1323
1293
1294
1324
1294
1295
1326
1294
1325
1324
1294
1326
1325
1295
1296
1326
1296
1297
1328
1296
1327
1326
1296
1328
1327
1297
1298
1328
1298
1299
1330
1298
1329
1328
1298
1330
1329
1299
1361
1330
1299
1423
1361
1300
1301
1331
1301
1302
1333
1301
1332
1331
1301
1333
1332
1302
1303
1334
1302
1334
1333
1303
1304
1334
1304
1305
1336
1304
1335
1334
1304
1336
1335
1305
1306
1336
1306
1307
1338
1306
1337
1336
1306
1338
1337
1307
1308
1338
1308
1309
1340
1308
1339
1338
1308
1340
1339
1309
1310
1340
1310
1311
1342
1310
1341
1340
1310
1342
1341
1311
1312
1342
1312
1313
1344
1312
1343
1342
1312
1344
1343
1313
1314
1344
1314
1315
1345
1314
1345
1344
1315
1316
1346
1315
1346
1345
1316
1317
1348
1316
1347
1346
1316
1348
1347
1317
1318
1349
1317
1349
1348
1318
1319
1349
1319
1320
1351
1319
1350
1349
1319
1351
1350
1320
1321
1352
1320
1352
1351
1321
1322
1352
1322
1323
1354
1322
1353
1352
1322
1354
1353
1323
1324
1354
1324
1325
1356
1324
1355
1354
1324
1356
1355
1325
1326
1357
1325
1357
1356
1326
1327
1357
1327
1328
1359
1327
1358
1357
1327
1359
1358
1328
1329
1360
1328
1360
1359
1329
1330
1360
1330
1361
1360
1331
1332
1363
1331
1363
1362
1332
1333
1363
1333
1334
1364
1333
1364
1363
1334
1335
1366
1334
1365
1364
1334
1366
1365
1335
1336
1366
1336
1337
1368
1336
1367
1366
1336
1368
1367
1337
1338
1369
1337
1369
1368
1338
1339
1369
1339
1340
1370
1339
1370
1369
1340
1341
1372
1340
1371
1370
1340
1372
1371
1341
1342
1372
1342
1343
1374
1342
1373
1372
1342
1374
1373
1343
1344
1374
1344
1345
1376
1344
1375
1374
1344
1376
1375
1345
1346
1377
1345
1377
1376
1346
1347
1377
1347
1348
1379
1347
1378
1377
1347
1379
1378
1348
1349
1379
1349
1350
1380
1349
1380
1379
1350
1351
1382
1350
1381
1380
1350
1382
1381
1351
1352
1382
1352
1353
1383
1352
1383
1382
1353
1354
1384
1353
1384
1383
1354
1355
1386
1354
1385
1384
1354
1386
1385
1355
1356
1387
1355
1387
1386
1356
1357
1387
1357
1358
1389
1357
1388
1387
1357
1389
1388
1358
1359
1389
1359
1360
1390
1359
1390
1389
1360
1361
1392
1360
1391
1390
1360
1392
1391
1361
1423
1392
1362
1363
1393
1363
1364
1395
1363
1394
1393
1363
1395
1394
1364
1365
1396
1364
1396
1395
1365
1366
1396
1366
1367
1398
1366
1397
1396
1366
1398
1397
1367
1368
1398
1368
1369
1399
1368
1399
1398
1369
1370
1401
1369
1400
1399
1369
1401
1400
1370
1371
1402
1370
1402
1401
1371
1372
1402
1372
1373
1404
1372
1403
1402
1372
1404
1403
1373
1374
1404
1374
1375
1406
1374
1405
1404
1374
1406
1405
1375
1376
1406
1376
1377
1408
1376
1407
1406
1376
1408
1407
1377
1378
1408
1378
1379
1410
1378
1409
1408
1378
1410
1409
1379
1380
1410
1380
1381
1411
1380
1411
1410
1381
1382
1413
1381
1412
1411
1381
1413
1412
1382
1383
1413
1383
1384
1415
1383
1414
1413
1383
1415
1414
1384
1385
1416
1384
1416
1415
1385
1386
1416
1386
1387
1417
1386
1417
1416
1387
1388
1419
1387
1418
1417
1387
1419
1418
1388
1389
1420
1388
1420
1419
1389
1390
1420
1390
1391
1421
1390
1421
1420
1391
1392
1422
1391
1422
1421
1392
1423
1422
1393
1394
1424
1394
1395
1425
1394
1425
1424
1395
1396
1427
1395
1426
1425
1395
1427
1426
1396
1397
1428
1396
1428
1427
1397
1398
1428
1398
1399
1429
1398
1429
1428
1399
1400
1431
1399
1430
1429
1399
1431
1430
1400
1401
1432
1400
1432
1431
1401
1402
1433
1401
1433
1432
1402
1403
1433
1403
1404
1435
1403
1434
1433
1403
1435
1434
1404
1405
1435
1405
1406
1437
1405
1436
1435
1405
1437
1436
1406
1407
1437
1407
1408
1439
1407
1438
1437
1407
1439
1438
1408
1409
1440
1408
1440
1439
1409
1410
1440
1410
1411
1442
1410
1441
1440
1410
1442
1441
1411
1412
1443
1411
1443
1442
1412
1413
1443
1413
1414
1445
1413
1444
1443
1413
1445
1444
1414
1415
1445
1415
1416
1446
1415
1446
1445
1416
1417
1448
1416
1447
1446
1416
1448
1447
1417
1418
1448
1418
1419
1449
1418
1449
1448
1419
1420
1450
1419
1450
1449
1420
1421
1452
1420
1451
1450
1420
1452
1451
1421
1422
1452
1422
1423
1950
1422
1453
1452
1422
1950
1453
1423
1484
1950
1423
1515
1484
1423
1951
1515
1423
1576
1951
1423
1669
1576
1424
1425
1455
1424
1455
1454
1425
1426
1456
1425
1456
1455
1426
1427
1456
1427
1428
1458
1427
1457
1456
1427
1458
1457
1428
1429
1459
1428
1459
1458
1429
1430
1459
1430
1431
1461
1430
1460
1459
1430
1461
1460
1431
1432
1461
1432
1433
1462
1432
1462
1461
1433
1434
1464
1433
1463
1462
1433
1464
1463
1434
1435
1464
1435
1436
1466
1435
1465
1464
1435
1466
1465
1436
1437
1466
1437
1438
1467
1437
1467
1466
1438
1439
1469
1438
1468
1467
1438
1469
1468
1439
1440
1469
1440
1441
1471
1440
1470
1469
1440
1471
1470
1441
1442
1471
1442
1443
1472
1442
1472
1471
1443
1444
1474
1443
1473
1472
1443
1474
1473
1444
1445
1474
1445
1446
1476
1445
1475
1474
1445
1476
1475
1446
1447
1477
1446
1477
1476
1447
1448
1477
1448
1449
1479
1448
1478
1477
1448
1479
1478
1449
1450
1479
1450
1451
1481
1450
1480
1479
1450
1481
1480
1451
1452
1481
1452
1453
1483
1452
1482
1481
1452
1483
1482
1453
1950
1484
1453
1484
1483
1454
1455
1486
1454
1486
1485
1455
1456
1486
1456
1457
1488
1456
1487
1486
1456
1488
1487
1457
1458
1489
1457
1489
1488
1458
1459
1489
1459
1460
1491
1459
1490
1489
1459
1491
1490
1460
1461
1491
1461
1462
1493
1461
1492
1491
1461
1493
1492
1462
1463
1494
1462
1494
1493
1463
1464
1494
1464
1465
1496
1464
1495
1494
1464
1496
1495
1465
1466
1496
1466
1467
1497
1466
1497
1496
1467
1468
1499
1467
1498
1497
1467
1499
1498
1468
1469
1499
1469
1470
1501
1469
1500
1499
1469
1501
1500
1470
1471
1501
1471
1472
1502
1471
1502
1501
1472
1473
1504
1472
1503
1502
1472
1504
1503
1473
1474
1504
1474
1475
1506
1474
1505
1504
1474
1506
1505
1475
1476
1506
1476
1477
1508
1476
1507
1506
1476
1508
1507
1477
1478
1508
1478
1479
1509
1478
1509
1508
1479
1480
1511
1479
1510
1509
1479
1511
1510
1480
1481
1511
1481
1482
1513
1481
1512
1511
1481
1513
1512
1482
1483
1514
1482
1514
1513
1483
1484
1514
1484
1515
1514
1485
1486
1516
1486
1487
1518
1486
1517
1516
1486
1518
1517
1487
1488
1518
1488
1489
1520
1488
1519
1518
1488
1520
1519
1489
1490
1520
1490
1491
1522
1490
1521
1520
1490
1522
1521
1491
1492
1522
1492
1493
1524
1492
1523
1522
1492
1524
1523
1493
1494
1524
1494
1495
1525
1494
1525
1524
1495
1496
1527
1495
1526
1525
1495
1527
1526
1496
1497
1527
1497
1498
1529
1497
1528
1527
1497
1529
1528
1498
1499
1529
1499
1500
1531
1499
1530
1529
1499
1531
1530
1500
1501
1531
1501
1502
1533
1501
1532
1531
1501
1533
1532
1502
1503
1534
1502
1534
1533
1503
1504
1534
1504
1505
1535
1504
1535
1534
1505
1506
1537
1505
1536
1535
1505
1537
1536
1506
1507
1538
1506
1538
1537
1507
1508
1538
1508
1509
1540
1508
1539
1538
1508
1540
1539
1509
1510
1541
1509
1541
1540
1510
1511
1541
1511
1512
1543
1511
1542
1541
1511
1543
1542
1512
1513
1543
1513
1514
1544
1513
1544
1543
1514
1515
1545
1514
1545
1544
1515
1951
1545
1516
1517
1546
1517
1518
1547
1517
1547
1546
1518
1519
1549
1518
1548
1547
1518
1549
1548
1519
1520
1549
1520
1521
1550
1520
1550
1549
1521
1522
1551
1521
1551
1550
1522
1523
1553
1522
1552
1551
1522
1553
1552
1523
1524
1554
1523
1554
1553
1524
1525
1554
1525
1526
1556
1525
1555
1554
1525
1556
1555
1526
1527
1556
1527
1528
1558
1527
1557
1556
1527
1558
1557
1528
1529
1558
1529
1530
1560
1529
1559
1558
1529
1560
1559
1530
1531
1560
1531
1532
1561
1531
1561
1560
1532
1533
1562
1532
1562
1561
1533
1534
1563
1533
1563
1562
1534
1535
1565
1534
1564
1563
1534
1565
1564
1535
1536
1566
1535
1566
1565
1536
1537
1566
1537
1538
1567
1537
1567
1566
1538
1539
1568
1538
1568
1567
1539
1540
1570
1539
1569
1568
1539
1570
1569
1540
1541
1570
1541
1542
1571
1541
1571
1570
1542
1543
1573
1542
1572
1571
1542
1573
1572
1543
1544
1573
1544
1545
1574
1544
1574
1573
1545
1951
1576
1545
1575
1574
1545
1576
1575
1546
1547
1578
1546
1578
1577
1547
1548
1579
1547
1579
1578
1548
1549
1579
1549
1550
1581
1549
1580
1579
1549
1581
1580
1550
1551
1582
1550
1582
1581
1551
1552
1582
1552
1553
1584
1552
1583
1582
1552
1584
1583
1553
1554
1584
1554
1555
1586
1554
1585
1584
1554
1586
1585
1555
1556
1586
1556
1557
1588
1556
1587
1586
1556
1588
1587
1557
1558
1588
1558
1559
1590
1558
1589
1588
1558
1590
1589
1559
1560
1590
1560
1561
1592
1560
1591
1590
1560
1592
1591
1561
1562
1593
1561
1593
1592
1562
1563
1594
1562
1594
1593
1563
1564
1594
1564
1565
1595
1564
1595
1594
1565
1566
1596
1565
1596
1595
1566
1567
1598
1566
1597
1596
1566
1598
1597
1567
1568
1599
1567
1599
1598
1568
1569
1600
1568
1600
1599
1569
1570
1600
1570
1571
1601
1570
1601
1600
1571
1572
1603
1571
1602
1601
1571
1603
1602
1572
1573
1603
1573
1574
1605
1573
1604
1603
1573
1605
1604
1574
1575
1605
1575
1576
1607
1575
1606
1605
1575
1607
1606
1576
1638
1607
1576
1669
1638
1577
1578
1608
1578
1579
1610
1578
1609
1608
1578
1610
1609
1579
1580
1611
1579
1611
1610
1580
1581
1611
1581
1582
1612
1581
1612
1611
1582
1583
1614
1582
1613
1612
1582
1614
1613
1583
1584
1614
1584
1585
1616
1584
1615
1614
1584
1616
1615
1585
1586
1617
1585
1617
1616
1586
1587
1617
1587
1588
1619
1587
1618
1617
1587
1619
1618
1588
1589
1619
1589
1590
1620
1589
1620
1619
1590
1591
1622
1590
1621
1620
1590
1622
1621
1591
1592
1622
1592
1593
1623
1592
1623
1622
1593
1594
1624
1593
1624
1623
1594
1595
1626
1594
1625
1624
1594
1626
1625
1595
1596
1626
1596
1597
1628
1596
1627
1626
1596
1628
1627
1597
1598
1628
1598
1599
1630
1598
1629
1628
1598
1630
1629
1599
1600
1631
1599
1631
1630
1600
1601
1631
1601
1602
1633
1601
1632
1631
1601
1633
1632
1602
1603
1633
1603
1604
1635
1603
1634
1633
1603
1635
1634
1604
1605
1635
1605
1606
1637
1605
1636
1635
1605
1637
1636
1606
1607
1637
1607
1638
1637
1608
1609
1639
1609
1610
1641
1609
1640
1639
1609
1641
1640
1610
1611
1641
1611
1612
1643
1611
1642
1641
1611
1643
1642
1612
1613
1643
1613
1614
1645
1613
1644
1643
1613
1645
1644
1614
1615
1646
1614
1646
1645
1615
1616
1646
1616
1617
1647
1616
1647
1646
1617
1618
1649
1617
1648
1647
1617
1649
1648
1618
1619
1649
1619
1620
1650
1619
1650
1649
1620
1621
1652
1620
1651
1650
1620
1652
1651
1621
1622
1652
1622
1623
1654
1622
1653
1652
1622
1654
1653
1623
1624
1654
1624
1625
1656
1624
1655
1654
1624
1656
1655
1625
1626
1656
1626
1627
1658
1626
1657
1656
1626
1658
1657
1627
1628
1659
1627
1659
1658
1628
1629
1659
1629
1630
1660
1629
1660
1659
1630
1631
1661
1630
1661
1660
1631
1632
1663
1631
1662
1661
1631
1663
1662
1632
1633
1664
1632
1664
1663
1633
1634
1665
1633
1665
1664
1634
1635
1665
1635
1636
1666
1635
1666
1665
1636
1637
1668
1636
1667
1666
1636
1668
1667
1637
1638
1668
1638
1669
1668
1639
1640
1671
1639
1671
1670
1640
1641
1671
1641
1642
1673
1641
1672
1671
1641
1673
1672
1642
1643
1674
1642
1674
1673
1643
1644
1674
1644
1645
1676
1644
1675
1674
1644
1676
1675
1645
1646
1677
1645
1677
1676
1646
1647
1678
1646
1678
1677
1647
1648
1679
1647
1679
1678
1648
1649
1679
1649
1650
1680
1649
1680
1679
1650
1651
1681
1650
1681
1680
1651
1652
1683
1651
1682
1681
1651
1683
1682
1652
1653
1683
1653
1654
1685
1653
1684
1683
1653
1685
1684
1654
1655
1685
1655
1656
1687
1655
1686
1685
1655
1687
1686
1656
1657
1687
1657
1658
1689
1657
1688
1687
1657
1689
1688
1658
1659
1690
1658
1690
1689
1659
1660
1690
1660
1661
1692
1660
1691
1690
1660
1692
1691
1661
1662
1692
1662
1663
1694
1662
1693
1692
1662
1694
1693
1663
1664
1694
1664
1665
1695
1664
1695
1694
1665
1666
1697
1665
1696
1695
1665
1697
1696
1666
1667
1698
1666
1698
1697
1667
1668
1698
1668
1669
1952
1668
1699
1698
1668
1952
1699
1669
1730
1952
1669
1953
1730
1669
1944
1953
1670
1671
1700
1671
1672
1702
1671
1701
1700
1671
1702
1701
1672
1673
1702
1673
1674
1703
1673
1703
1702
1674
1675
1705
1674
1704
1703
1674
1705
1704
1675
1676
1705
1676
1677
1706
1676
1706
1705
1677
1678
1708
1677
1707
1706
1677
1708
1707
1678
1679
1709
1678
1709
1708
1679
1680
1710
1679
1710
1709
1680
1681
1710
1681
1682
1712
1681
1711
1710
1681
1712
1711
1682
1683
1712
1683
1684
1713
1683
1713
1712
1684
1685
1714
1684
1714
1713
1685
1686
1715
1685
1715
1714
1686
1687
1716
1686
1716
1715
1687
1688
1718
1687
1717
1716
1687
1718
1717
1688
1689
1718
1689
1690
1719
1689
1719
1718
1690
1691
1721
1690
1720
1719
1690
1721
1720
1691
1692
1721
1692
1693
1723
1692
1722
1721
1692
1723
1722
1693
1694
1723
1694
1695
1725
1694
1724
1723
1694
1725
1724
1695
1696
1726
1695
1726
1725
1696
1697
1726
1697
1698
1728
1697
1727
1726
1697
1728
1727
1698
1699
1728
1699
1952
1730
1699
1729
1728
1699
1730
1729
1700
1701
1732
1700
1732
1731
1701
1702
1732
1702
1703
1734
1702
1733
1732
1702
1734
1733
1703
1704
1734
1704
1705
1736
1704
1735
1734
1704
1736
1735
1705
1706
1737
1705
1737
1736
1706
1707
1737
1707
1708
1739
1707
1738
1737
1707
1739
1738
1708
1709
1739
1709
1710
1741
1709
1740
1739
1709
1741
1740
1710
1711
1741
1711
1712
1742
1711
1742
1741
1712
1713
1743
1712
1743
1742
1713
1714
1745
1713
1744
1743
1713
1745
1744
1714
1715
1745
1715
1716
1747
1715
1746
1745
1715
1747
1746
1716
1717
1748
1716
1748
1747
1717
1718
1748
1718
1719
1749
1718
1749
1748
1719
1720
1751
1719
1750
1749
1719
1751
1750
1720
1721
1751
1721
1722
1753
1721
1752
1751
1721
1753
1752
1722
1723
1753
1723
1724
1755
1723
1754
1753
1723
1755
1754
1724
1725
1755
1725
1726
1757
1725
1756
1755
1725
1757
1756
1726
1727
1757
1727
1728
1759
1727
1758
1757
1727
1759
1758
1728
1729
1760
1728
1760
1759
1729
1730
1760
1730
1954
1760
1730
1953
1954
1731
1732
1762
1731
1762
1761
1732
1733
1763
1732
1763
1762
1733
1734
1764
1733
1764
1763
1734
1735
1765
1734
1765
1764
1735
1736
1765
1736
1737
1767
1736
1766
1765
1736
1767
1766
1737
1738
1768
1737
1768
1767
1738
1739
1768
1739
1740
1770
1739
1769
1768
1739
1770
1769
1740
1741
1770
1741
1742
1772
1741
1771
1770
1741
1772
1771
1742
1743
1772
1743
1744
1774
1743
1773
1772
1743
1774
1773
1744
1745
1775
1744
1775
1774
1745
1746
1776
1745
1776
1775
1746
1747
1776
1747
1748
1778
1747
1777
1776
1747
1778
1777
1748
1749
1779
1748
1779
1778
1749
1750
1780
1749
1780
1779
1750
1751
1780
1751
1752
1781
1751
1781
1780
1752
1753
1782
1752
1782
1781
1753
1754
1784
1753
1783
1782
1753
1784
1783
1754
1755
1784
1755
1756
1785
1755
1785
1784
1756
1757
1786
1756
1786
1785
1757
1758
1788
1757
1787
1786
1757
1788
1787
1758
1759
1788
1759
1760
1790
1759
1789
1788
1759
1790
1789
1760
1954
1953
1760
1953
1790
1761
1762
1792
1761
1792
1791
1762
1763
1792
1763
1764
1794
1763
1793
1792
1763
1794
1793
1764
1765
1794
1765
1766
1796
1765
1795
1794
1765
1796
1795
1766
1767
1796
1767
1768
1797
1767
1797
1796
1768
1769
1799
1768
1798
1797
1768
1799
1798
1769
1770
1800
1769
1800
1799
1770
1771
1800
1771
1772
1801
1771
1801
1800
1772
1773
1802
1772
1802
1801
1773
1774
1803
1773
1803
1802
1774
1775
1804
1774
1804
1803
1775
1776
1805
1775
1805
1804
1776
1777
1807
1776
1806
1805
1776
1807
1806
1777
1778
1807
1778
1779
1809
1778
1808
1807
1778
1809
1808
1779
1780
1809
1780
1781
1810
1780
1810
1809
1781
1782
1812
1781
1811
1810
1781
1812
1811
1782
1783
1812
1783
1784
1814
1783
1813
1812
1783
1814
1813
1784
1785
1815
1784
1815
1814
1785
1786
1816
1785
1816
1815
1786
1787
1816
1787
1788
1818
1787
1817
1816
1787
1818
1817
1788
1789
1819
1788
1819
1818
1789
1790
1819
1790
1953
1944
1790
1820
1819
1790
1944
1820
1791
1792
1821
1792
1793
1823
1792
1822
1821
1792
1823
1822
1793
1794
1823
1794
1795
1825
1794
1824
1823
1794
1825
1824
1795
1796
1826
1795
1826
1825
1796
1797
1826
1797
1798
1828
1797
1827
1826
1797
1828
1827
1798
1799
1828
1799
1800
1830
1799
1829
1828
1799
1830
1829
1800
1801
1830
1801
1802
1832
1801
1831
1830
1801
1832
1831
1802
1803
1833
1802
1833
1832
1803
1804
1834
1803
1834
1833
1804
1805
1834
1805
1806
1836
1805
1835
1834
1805
1836
1835
1806
1807
1836
1807
1808
1837
1807
1837
1836
1808
1809
1839
1808
1838
1837
1808
1839
1838
1809
1810
1840
1809
1840
1839
1810
1811
1840
1811
1812
1841
1811
1841
1840
1812
1813
1843
1812
1842
1841
1812
1843
1842
1813
1814
1843
1814
1815
1844
1814
1844
1843
1815
1816
1846
1815
1845
1844
1815
1846
1845
1816
1817
1847
1816
1847
1846
1817
1818
1848
1817
1848
1847
1818
1819
1848
1819
1820
1850
1819
1849
1848
1819
1850
1849
1820
1944
1851
1820
1851
1850
1821
1822
1852
1822
1823
1854
1822
1853
1852
1822
1854
1853
1823
1824
1854
1824
1825
1855
1824
1855
1854
1825
1826
1857
1825
1856
1855
1825
1857
1856
1826
1827
1857
1827
1828
1859
1827
1858
1857
1827
1859
1858
1828
1829
1860
1828
1860
1859
1829
1830
1860
1830
1831
1861
1830
1861
1860
1831
1832
1863
1831
1862
1861
1831
1863
1862
1832
1833
1864
1832
1864
1863
1833
1834
1864
1834
1835
1866
1834
1865
1864
1834
1866
1865
1835
1836
1866
1836
1837
1868
1836
1867
1866
1836
1868
1867
1837
1838
1869
1837
1869
1868
1838
1839
1869
1839
1840
1870
1839
1870
1869
1840
1841
1872
1840
1871
1870
1840
1872
1871
1841
1842
1872
1842
1843
1874
1842
1873
1872
1842
1874
1873
1843
1844
1874
1844
1845
1876
1844
1875
1874
1844
1876
1875
1845
1846
1876
1846
1847
1878
1846
1877
1876
1846
1878
1877
1847
1848
1878
1848
1849
1880
1848
1879
1878
1848
1880
1879
1849
1850
1880
1850
1851
1882
1850
1881
1880
1850
1882
1881
1851
1945
1882
1852
1853
1884
1852
1884
1883
1853
1854
1884
1854
1855
1886
1854
1885
1884
1854
1886
1885
1855
1856
1887
1855
1887
1886
1856
1857
1887
1857
1858
1889
1857
1888
1887
1857
1889
1888
1858
1859
1889
1859
1860
1890
1859
1890
1889
1860
1861
1891
1860
1891
1890
1861
1862
1892
1861
1892
1891
1862
1863
1894
1862
1893
1892
1862
1894
1893
1863
1864
1894
1864
1865
1896
1864
1895
1894
1864
1896
1895
1865
1866
1896
1866
1867
1898
1866
1897
1896
1866
1898
1897
1867
1868
1898
1868
1869
1900
1868
1899
1898
1868
1900
1899
1869
1870
1901
1869
1901
1900
1870
1871
1901
1871
1872
1902
1871
1902
1901
1872
1873
1904
1872
1903
1902
1872
1904
1903
1873
1874
1904
1874
1875
1906
1874
1905
1904
1874
1906
1905
1875
1876
1906
1876
1877
1908
1876
1907
1906
1876
1908
1907
1877
1878
1908
1878
1879
1909
1878
1909
1908
1879
1880
1911
1879
1910
1909
1879
1911
1910
1880
1881
1912
1880
1912
1911
1881
1882
1912
1882
1945
1912
1883
1884
1913
1884
1885
1914
1884
1914
1913
1885
1886
1916
1885
1915
1914
1885
1916
1915
1886
1887
1916
1887
1888
1918
1887
1917
1916
1887
1918
1917
1888
1889
1918
1889
1890
1919
1889
1919
1918
1890
1891
1920
1890
1920
1919
1891
1892
1921
1891
1921
1920
1892
1893
1923
1892
1922
1921
1892
1923
1922
1893
1894
1923
1894
1895
1924
1894
1924
1923
1895
1896
1925
1895
1925
1924
1896
1897
1927
1896
1926
1925
1896
1927
1926
1897
1898
1927
1898
1899
1929
1898
1928
1927
1898
1929
1928
1899
1900
1929
1900
1901
1930
1900
1930
1929
1901
1902
1932
1901
1931
1930
1901
1932
1931
1902
1903
1933
1902
1933
1932
1903
1904
1933
1904
1905
1935
1904
1934
1933
1904
1935
1934
1905
1906
1935
1906
1907
1936
1906
1936
1935
1907
1908
1937
1907
1937
1936
1908
1909
1939
1908
1938
1937
1908
1939
1938
1909
1910
1940
1909
1940
1939
1910
1911
1940
1911
1912
1941
1911
1941
1940
1912
1945
1943
1912
1942
1941
1912
1943
1942
